Effect,id,topic,Estimate,StdErrPred,DF,tValue,Probt
Intercept,_,0,-0.01360,0.007277,46E3,-1.87,0.0616
Intercept,3,0,-0.01185,0.01667,46E3,-0.71,0.4773
Intercept,25,0,0.001548,0.01364,46E3,0.11,0.9097
Intercept,51,0,0.01590,0.01378,46E3,1.15,0.2486
Intercept,72,0,0.01046,0.01489,46E3,0.70,0.4823
Intercept,132,0,0.002215,0.01607,46E3,0.14,0.8904
Intercept,134,0,-0.00246,0.01183,46E3,-0.21,0.8351
Intercept,177,0,-0.01616,0.01417,46E3,-1.14,0.2541
Intercept,224,0,0.007623,0.01369,46E3,0.56,0.5775
Intercept,282,0,0.007177,0.01508,46E3,0.48,0.6341
Intercept,322,0,-0.02461,0.01359,46E3,-1.81,0.0703
Intercept,332,0,-0.02464,0.01747,46E3,-1.41,0.1583
Intercept,338,0,0.001968,0.01385,46E3,0.14,0.8870
Intercept,_,_,0,0.02006,46E3,0.00,1.0000
Intercept,_,_,0,0.02006,46E3,0.00,1.0000
Intercept,_,_,0,0.02006,46E3,0.00,1.0000
Intercept,_,_,0,0.02006,46E3,0.00,1.0000
Intercept,_,_,0,0.02006,46E3,0.00,1.0000
Intercept,_,_,0,0.02006,46E3,0.00,1.0000
Intercept,_,_,0,0.02006,46E3,0.00,1.0000
Intercept,_,_,0,0.02006,46E3,0.00,1.0000
Intercept,_,_,0,0.02006,46E3,0.00,1.0000
Intercept,_,_,0,0.02006,46E3,0.00,1.0000
Intercept,_,_,0,0.02006,46E3,0.00,1.0000
Intercept,_,_,0,0.02006,46E3,0.00,1.0000
Intercept,_,_,0,0.02006,46E3,0.00,1.0000
Intercept,_,_,0,0.02006,46E3,0.00,1.0000
Intercept,_,_,0,0.02006,46E3,0.00,1.0000
Intercept,_,_,0,0.02006,46E3,0.00,1.0000
Intercept,_,_,0,0.02006,46E3,0.00,1.0000
Intercept,_,_,0,0.02006,46E3,0.00,1.0000
Intercept,_,_,0,0.02006,46E3,0.00,1.0000
Intercept,_,_,0,0.02006,46E3,0.00,1.0000
Intercept,_,_,0,0.02006,46E3,0.00,1.0000
Intercept,_,_,0,0.02006,46E3,0.00,1.0000
Intercept,_,1,-0.00327,0.006509,46E3,-0.50,0.6156
Intercept,44,1,0.008662,0.01543,46E3,0.56,0.5745
Intercept,54,1,-0.02101,0.01325,46E3,-1.59,0.1128
Intercept,82,1,-0.01001,0.01663,46E3,-0.60,0.5472
Intercept,89,1,-0.00294,0.01291,46E3,-0.23,0.8200
Intercept,173,1,0.02165,0.01107,46E3,1.96,0.0505
Intercept,188,1,0.01570,0.01690,46E3,0.93,0.3529
Intercept,192,1,-0.00456,0.01623,46E3,-0.28,0.7786
Intercept,200,1,-0.00259,0.01122,46E3,-0.23,0.8175
Intercept,209,1,0.007161,0.01167,46E3,0.61,0.5395
Intercept,210,1,-0.00123,0.01224,46E3,-0.10,0.9202
Intercept,214,1,0.002256,0.01809,46E3,0.12,0.9008
Intercept,229,1,-0.00970,0.01399,46E3,-0.69,0.4883
Intercept,240,1,-0.00372,0.01271,46E3,-0.29,0.7699
Intercept,288,1,0.02865,0.01184,46E3,2.42,0.0156
Intercept,291,1,-0.00116,0.01455,46E3,-0.08,0.9367
Intercept,313,1,-0.03507,0.01108,46E3,-3.17,0.0015
Intercept,_,_,0,0.02006,46E3,0.00,1.0000
Intercept,_,_,0,0.02006,46E3,0.00,1.0000
Intercept,_,_,0,0.02006,46E3,0.00,1.0000
Intercept,_,_,0,0.02006,46E3,0.00,1.0000
Intercept,_,_,0,0.02006,46E3,0.00,1.0000
Intercept,_,_,0,0.02006,46E3,0.00,1.0000
Intercept,_,_,0,0.02006,46E3,0.00,1.0000
Intercept,_,_,0,0.02006,46E3,0.00,1.0000
Intercept,_,_,0,0.02006,46E3,0.00,1.0000
Intercept,_,_,0,0.02006,46E3,0.00,1.0000
Intercept,_,_,0,0.02006,46E3,0.00,1.0000
Intercept,_,_,0,0.02006,46E3,0.00,1.0000
Intercept,_,_,0,0.02006,46E3,0.00,1.0000
Intercept,_,_,0,0.02006,46E3,0.00,1.0000
Intercept,_,_,0,0.02006,46E3,0.00,1.0000
Intercept,_,_,0,0.02006,46E3,0.00,1.0000
Intercept,_,_,0,0.02006,46E3,0.00,1.0000
Intercept,_,_,0,0.02006,46E3,0.00,1.0000
Intercept,_,2,-0.01219,0.007795,46E3,-1.56,0.1180
Intercept,70,2,0.002393,0.01674,46E3,0.14,0.8864
Intercept,127,2,-0.02758,0.01333,46E3,-2.07,0.0386
Intercept,137,2,0.000335,0.01560,46E3,0.02,0.9829
Intercept,159,2,-0.01178,0.01432,46E3,-0.82,0.4108
Intercept,171,2,0.01226,0.01381,46E3,0.89,0.3748
Intercept,183,2,0.004712,0.01748,46E3,0.27,0.7875
Intercept,193,2,0.004914,0.01546,46E3,0.32,0.7506
Intercept,195,2,-0.00895,0.01239,46E3,-0.72,0.4700
Intercept,266,2,0.003075,0.01843,46E3,0.17,0.8675
Intercept,270,2,-0.00286,0.01732,46E3,-0.16,0.8690
Intercept,339,2,-0.00592,0.01520,46E3,-0.39,0.6969
Intercept,_,_,0,0.02006,46E3,0.00,1.0000
Intercept,_,_,0,0.02006,46E3,0.00,1.0000
Intercept,_,_,0,0.02006,46E3,0.00,1.0000
Intercept,_,_,0,0.02006,46E3,0.00,1.0000
Intercept,_,_,0,0.02006,46E3,0.00,1.0000
Intercept,_,_,0,0.02006,46E3,0.00,1.0000
Intercept,_,_,0,0.02006,46E3,0.00,1.0000
Intercept,_,_,0,0.02006,46E3,0.00,1.0000
Intercept,_,_,0,0.02006,46E3,0.00,1.0000
Intercept,_,_,0,0.02006,46E3,0.00,1.0000
Intercept,_,_,0,0.02006,46E3,0.00,1.0000
Intercept,_,_,0,0.02006,46E3,0.00,1.0000
Intercept,_,_,0,0.02006,46E3,0.00,1.0000
Intercept,_,_,0,0.02006,46E3,0.00,1.0000
Intercept,_,_,0,0.02006,46E3,0.00,1.0000
Intercept,_,_,0,0.02006,46E3,0.00,1.0000
Intercept,_,_,0,0.02006,46E3,0.00,1.0000
Intercept,_,_,0,0.02006,46E3,0.00,1.0000
Intercept,_,_,0,0.02006,46E3,0.00,1.0000
Intercept,_,_,0,0.02006,46E3,0.00,1.0000
Intercept,_,_,0,0.02006,46E3,0.00,1.0000
Intercept,_,_,0,0.02006,46E3,0.00,1.0000
Intercept,_,_,0,0.02006,46E3,0.00,1.0000
Intercept,_,3,-0.02473,0.007594,46E3,-3.26,0.0011
Intercept,43,3,-0.00920,0.01422,46E3,-0.65,0.5179
Intercept,49,3,0.000010,0.01454,46E3,0.00,0.9994
Intercept,83,3,-0.01438,0.01290,46E3,-1.11,0.2653
Intercept,105,3,-0.01255,0.01588,46E3,-0.79,0.4294
Intercept,125,3,-0.02748,0.01546,46E3,-1.78,0.0755
Intercept,164,3,0.009820,0.01212,46E3,0.81,0.4178
Intercept,179,3,0.01499,0.01697,46E3,0.88,0.3770
Intercept,194,3,-0.00813,0.01698,46E3,-0.48,0.6323
Intercept,220,3,0.004363,0.01561,46E3,0.28,0.7798
Intercept,298,3,-0.01383,0.01574,46E3,-0.88,0.3797
Intercept,307,3,0.001391,0.01701,46E3,0.08,0.9348
Intercept,324,3,-0.00470,0.01724,46E3,-0.27,0.7851
Intercept,_,_,0,0.02006,46E3,0.00,1.0000
Intercept,_,_,0,0.02006,46E3,0.00,1.0000
Intercept,_,_,0,0.02006,46E3,0.00,1.0000
Intercept,_,_,0,0.02006,46E3,0.00,1.0000
Intercept,_,_,0,0.02006,46E3,0.00,1.0000
Intercept,_,_,0,0.02006,46E3,0.00,1.0000
Intercept,_,_,0,0.02006,46E3,0.00,1.0000
Intercept,_,_,0,0.02006,46E3,0.00,1.0000
Intercept,_,_,0,0.02006,46E3,0.00,1.0000
Intercept,_,_,0,0.02006,46E3,0.00,1.0000
Intercept,_,_,0,0.02006,46E3,0.00,1.0000
Intercept,_,_,0,0.02006,46E3,0.00,1.0000
Intercept,_,_,0,0.02006,46E3,0.00,1.0000
Intercept,_,_,0,0.02006,46E3,0.00,1.0000
Intercept,_,_,0,0.02006,46E3,0.00,1.0000
Intercept,_,_,0,0.02006,46E3,0.00,1.0000
Intercept,_,_,0,0.02006,46E3,0.00,1.0000
Intercept,_,_,0,0.02006,46E3,0.00,1.0000
Intercept,_,_,0,0.02006,46E3,0.00,1.0000
Intercept,_,_,0,0.02006,46E3,0.00,1.0000
Intercept,_,_,0,0.02006,46E3,0.00,1.0000
Intercept,_,_,0,0.02006,46E3,0.00,1.0000
Intercept,_,4,0.002065,0.007233,46E3,0.29,0.7752
Intercept,2,4,0.008588,0.01604,46E3,0.54,0.5924
Intercept,8,4,-0.00884,0.01568,46E3,-0.56,0.5730
Intercept,16,4,0.003829,0.01692,46E3,0.23,0.8210
Intercept,55,4,-0.00896,0.01378,46E3,-0.65,0.5155
Intercept,129,4,0.01709,0.01445,46E3,1.18,0.2370
Intercept,130,4,-0.01285,0.01478,46E3,-0.87,0.3848
Intercept,149,4,-0.01161,0.01405,46E3,-0.83,0.4087
Intercept,151,4,-0.02021,0.01248,46E3,-1.62,0.1054
Intercept,182,4,-0.00227,0.01714,46E3,-0.13,0.8947
Intercept,215,4,0.000866,0.01645,46E3,0.05,0.9580
Intercept,230,4,0.006397,0.01198,46E3,0.53,0.5934
Intercept,277,4,0.01147,0.01516,46E3,0.76,0.4493
Intercept,302,4,0.02148,0.01360,46E3,1.58,0.1141
Intercept,_,_,0,0.02006,46E3,0.00,1.0000
Intercept,_,_,0,0.02006,46E3,0.00,1.0000
Intercept,_,_,0,0.02006,46E3,0.00,1.0000
Intercept,_,_,0,0.02006,46E3,0.00,1.0000
Intercept,_,_,0,0.02006,46E3,0.00,1.0000
Intercept,_,_,0,0.02006,46E3,0.00,1.0000
Intercept,_,_,0,0.02006,46E3,0.00,1.0000
Intercept,_,_,0,0.02006,46E3,0.00,1.0000
Intercept,_,_,0,0.02006,46E3,0.00,1.0000
Intercept,_,_,0,0.02006,46E3,0.00,1.0000
Intercept,_,_,0,0.02006,46E3,0.00,1.0000
Intercept,_,_,0,0.02006,46E3,0.00,1.0000
Intercept,_,_,0,0.02006,46E3,0.00,1.0000
Intercept,_,_,0,0.02006,46E3,0.00,1.0000
Intercept,_,_,0,0.02006,46E3,0.00,1.0000
Intercept,_,_,0,0.02006,46E3,0.00,1.0000
Intercept,_,_,0,0.02006,46E3,0.00,1.0000
Intercept,_,_,0,0.02006,46E3,0.00,1.0000
Intercept,_,_,0,0.02006,46E3,0.00,1.0000
Intercept,_,_,0,0.02006,46E3,0.00,1.0000
Intercept,_,_,0,0.02006,46E3,0.00,1.0000
Intercept,_,5,0.002313,0.007982,46E3,0.29,0.7720
Intercept,4,5,0.01155,0.01401,46E3,0.82,0.4099
Intercept,92,5,0.02085,0.01721,46E3,1.21,0.2258
Intercept,95,5,-0.01448,0.01403,46E3,-1.03,0.3021
Intercept,212,5,-0.01156,0.01603,46E3,-0.72,0.4707
Intercept,223,5,0.004306,0.01661,46E3,0.26,0.7955
Intercept,227,5,-0.00199,0.01623,46E3,-0.12,0.9022
Intercept,237,5,-0.00224,0.01251,46E3,-0.18,0.8579
Intercept,256,5,-0.00680,0.01502,46E3,-0.45,0.6509
Intercept,300,5,0.008772,0.01583,46E3,0.55,0.5794
Intercept,316,5,-0.00283,0.01685,46E3,-0.17,0.8668
Intercept,_,_,0,0.02006,46E3,0.00,1.0000
Intercept,_,_,0,0.02006,46E3,0.00,1.0000
Intercept,_,_,0,0.02006,46E3,0.00,1.0000
Intercept,_,_,0,0.02006,46E3,0.00,1.0000
Intercept,_,_,0,0.02006,46E3,0.00,1.0000
Intercept,_,_,0,0.02006,46E3,0.00,1.0000
Intercept,_,_,0,0.02006,46E3,0.00,1.0000
Intercept,_,_,0,0.02006,46E3,0.00,1.0000
Intercept,_,_,0,0.02006,46E3,0.00,1.0000
Intercept,_,_,0,0.02006,46E3,0.00,1.0000
Intercept,_,_,0,0.02006,46E3,0.00,1.0000
Intercept,_,_,0,0.02006,46E3,0.00,1.0000
Intercept,_,_,0,0.02006,46E3,0.00,1.0000
Intercept,_,_,0,0.02006,46E3,0.00,1.0000
Intercept,_,_,0,0.02006,46E3,0.00,1.0000
Intercept,_,_,0,0.02006,46E3,0.00,1.0000
Intercept,_,_,0,0.02006,46E3,0.00,1.0000
Intercept,_,_,0,0.02006,46E3,0.00,1.0000
Intercept,_,_,0,0.02006,46E3,0.00,1.0000
Intercept,_,_,0,0.02006,46E3,0.00,1.0000
Intercept,_,_,0,0.02006,46E3,0.00,1.0000
Intercept,_,_,0,0.02006,46E3,0.00,1.0000
Intercept,_,_,0,0.02006,46E3,0.00,1.0000
Intercept,_,_,0,0.02006,46E3,0.00,1.0000
Intercept,_,6,-0.01313,0.008660,46E3,-1.52,0.1295
Intercept,12,6,-0.00915,0.01341,46E3,-0.68,0.4950
Intercept,27,6,-0.00414,0.01772,46E3,-0.23,0.8154
Intercept,112,6,-0.01322,0.01668,46E3,-0.79,0.4280
Intercept,155,6,0.004242,0.01377,46E3,0.31,0.7581
Intercept,189,6,-0.01619,0.01587,46E3,-1.02,0.3074
Intercept,205,6,0.009244,0.01420,46E3,0.65,0.5150
Intercept,318,6,-0.00247,0.01513,46E3,-0.16,0.8705
Intercept,_,_,0,0.02006,46E3,0.00,1.0000
Intercept,_,_,0,0.02006,46E3,0.00,1.0000
Intercept,_,_,0,0.02006,46E3,0.00,1.0000
Intercept,_,_,0,0.02006,46E3,0.00,1.0000
Intercept,_,_,0,0.02006,46E3,0.00,1.0000
Intercept,_,_,0,0.02006,46E3,0.00,1.0000
Intercept,_,_,0,0.02006,46E3,0.00,1.0000
Intercept,_,_,0,0.02006,46E3,0.00,1.0000
Intercept,_,_,0,0.02006,46E3,0.00,1.0000
Intercept,_,_,0,0.02006,46E3,0.00,1.0000
Intercept,_,_,0,0.02006,46E3,0.00,1.0000
Intercept,_,_,0,0.02006,46E3,0.00,1.0000
Intercept,_,_,0,0.02006,46E3,0.00,1.0000
Intercept,_,_,0,0.02006,46E3,0.00,1.0000
Intercept,_,_,0,0.02006,46E3,0.00,1.0000
Intercept,_,_,0,0.02006,46E3,0.00,1.0000
Intercept,_,_,0,0.02006,46E3,0.00,1.0000
Intercept,_,_,0,0.02006,46E3,0.00,1.0000
Intercept,_,_,0,0.02006,46E3,0.00,1.0000
Intercept,_,_,0,0.02006,46E3,0.00,1.0000
Intercept,_,_,0,0.02006,46E3,0.00,1.0000
Intercept,_,_,0,0.02006,46E3,0.00,1.0000
Intercept,_,_,0,0.02006,46E3,0.00,1.0000
Intercept,_,_,0,0.02006,46E3,0.00,1.0000
Intercept,_,_,0,0.02006,46E3,0.00,1.0000
Intercept,_,_,0,0.02006,46E3,0.00,1.0000
Intercept,_,_,0,0.02006,46E3,0.00,1.0000
Intercept,_,7,0.000896,0.006677,46E3,0.13,0.8932
Intercept,5,7,-0.01492,0.01393,46E3,-1.07,0.2840
Intercept,85,7,-0.00634,0.01201,46E3,-0.53,0.5977
Intercept,88,7,-0.01084,0.01627,46E3,-0.67,0.5053
Intercept,120,7,0.01986,0.01445,46E3,1.37,0.1692
Intercept,140,7,-0.00970,0.01293,46E3,-0.75,0.4533
Intercept,146,7,0.01137,0.01405,46E3,0.81,0.4184
Intercept,196,7,-0.00272,0.01352,46E3,-0.20,0.8403
Intercept,217,7,0.01143,0.01605,46E3,0.71,0.4764
Intercept,219,7,0.02163,0.01842,46E3,1.17,0.2403
Intercept,221,7,-0.01329,0.01847,46E3,-0.72,0.4717
Intercept,231,7,0.004056,0.01366,46E3,0.30,0.7666
Intercept,276,7,-0.00573,0.01349,46E3,-0.42,0.6711
Intercept,279,7,-0.00576,0.01589,46E3,-0.36,0.7172
Intercept,293,7,-0.03782,0.01329,46E3,-2.85,0.0044
Intercept,297,7,0.02564,0.01277,46E3,2.01,0.0447
Intercept,333,7,-0.00235,0.01771,46E3,-0.13,0.8946
Intercept,344,7,0.01763,0.01256,46E3,1.40,0.1605
Intercept,_,_,0,0.02006,46E3,0.00,1.0000
Intercept,_,_,0,0.02006,46E3,0.00,1.0000
Intercept,_,_,0,0.02006,46E3,0.00,1.0000
Intercept,_,_,0,0.02006,46E3,0.00,1.0000
Intercept,_,_,0,0.02006,46E3,0.00,1.0000
Intercept,_,_,0,0.02006,46E3,0.00,1.0000
Intercept,_,_,0,0.02006,46E3,0.00,1.0000
Intercept,_,_,0,0.02006,46E3,0.00,1.0000
Intercept,_,_,0,0.02006,46E3,0.00,1.0000
Intercept,_,_,0,0.02006,46E3,0.00,1.0000
Intercept,_,_,0,0.02006,46E3,0.00,1.0000
Intercept,_,_,0,0.02006,46E3,0.00,1.0000
Intercept,_,_,0,0.02006,46E3,0.00,1.0000
Intercept,_,_,0,0.02006,46E3,0.00,1.0000
Intercept,_,_,0,0.02006,46E3,0.00,1.0000
Intercept,_,_,0,0.02006,46E3,0.00,1.0000
Intercept,_,_,0,0.02006,46E3,0.00,1.0000
Intercept,_,8,-0.00148,0.006221,46E3,-0.24,0.8125
Intercept,9,8,-0.02175,0.01658,46E3,-1.31,0.1896
Intercept,10,8,-0.00741,0.01572,46E3,-0.47,0.6375
Intercept,32,8,0.003038,0.01465,46E3,0.21,0.8357
Intercept,63,8,0.000808,0.01504,46E3,0.05,0.9572
Intercept,93,8,0.02466,0.01678,46E3,1.47,0.1415
Intercept,94,8,-0.02606,0.01277,46E3,-2.04,0.0413
Intercept,97,8,0.007174,0.01424,46E3,0.50,0.6144
Intercept,144,8,0.009387,0.01666,46E3,0.56,0.5731
Intercept,168,8,-0.02026,0.01302,46E3,-1.56,0.1197
Intercept,172,8,0.003902,0.01478,46E3,0.26,0.7918
Intercept,176,8,0.009811,0.01775,46E3,0.55,0.5805
Intercept,178,8,0.003369,0.01648,46E3,0.20,0.8381
Intercept,226,8,0.000613,0.01250,46E3,0.05,0.9609
Intercept,241,8,-0.00777,0.01490,46E3,-0.52,0.6018
Intercept,245,8,0.01685,0.01624,46E3,1.04,0.2996
Intercept,257,8,0.003543,0.01371,46E3,0.26,0.7962
Intercept,260,8,-0.01036,0.01662,46E3,-0.62,0.5332
Intercept,271,8,-0.01428,0.01396,46E3,-1.02,0.3062
Intercept,294,8,0.01849,0.01741,46E3,1.06,0.2882
Intercept,303,8,0.005343,0.01425,46E3,0.38,0.7076
Intercept,327,8,0.01319,0.01509,46E3,0.87,0.3820
Intercept,335,8,-0.00683,0.01469,46E3,-0.47,0.6419
Intercept,341,8,-0.00902,0.01560,46E3,-0.58,0.5633
Intercept,_,_,0,0.02006,46E3,0.00,1.0000
Intercept,_,_,0,0.02006,46E3,0.00,1.0000
Intercept,_,_,0,0.02006,46E3,0.00,1.0000
Intercept,_,_,0,0.02006,46E3,0.00,1.0000
Intercept,_,_,0,0.02006,46E3,0.00,1.0000
Intercept,_,_,0,0.02006,46E3,0.00,1.0000
Intercept,_,_,0,0.02006,46E3,0.00,1.0000
Intercept,_,_,0,0.02006,46E3,0.00,1.0000
Intercept,_,_,0,0.02006,46E3,0.00,1.0000
Intercept,_,_,0,0.02006,46E3,0.00,1.0000
Intercept,_,_,0,0.02006,46E3,0.00,1.0000
Intercept,_,9,-0.00441,0.007106,46E3,-0.62,0.5350
Intercept,33,9,-0.01061,0.01750,46E3,-0.61,0.5445
Intercept,34,9,0.01827,0.01858,46E3,0.98,0.3254
Intercept,36,9,-0.01032,0.01348,46E3,-0.77,0.4439
Intercept,41,9,-0.00167,0.01548,46E3,-0.11,0.9140
Intercept,42,9,0.004894,0.01803,46E3,0.27,0.7861
Intercept,50,9,0.01637,0.01608,46E3,1.02,0.3087
Intercept,61,9,0.01587,0.01614,46E3,0.98,0.3255
Intercept,64,9,-0.01374,0.01596,46E3,-0.86,0.3891
Intercept,115,9,0.000635,0.01822,46E3,0.03,0.9722
Intercept,121,9,-0.01362,0.01652,46E3,-0.82,0.4099
Intercept,136,9,0.008360,0.01730,46E3,0.48,0.6289
Intercept,143,9,-0.01730,0.01750,46E3,-0.99,0.3229
Intercept,153,9,0.007265,0.01571,46E3,0.46,0.6437
Intercept,163,9,0.002901,0.01772,46E3,0.16,0.8699
Intercept,197,9,0.004922,0.01711,46E3,0.29,0.7736
Intercept,225,9,-0.01258,0.01706,46E3,-0.74,0.4612
Intercept,246,9,0.01284,0.01564,46E3,0.82,0.4118
Intercept,269,9,0.002573,0.01827,46E3,0.14,0.8880
Intercept,280,9,-0.01668,0.01225,46E3,-1.36,0.1733
Intercept,317,9,-0.00901,0.01714,46E3,-0.53,0.5993
Intercept,_,_,0,0.02006,46E3,0.00,1.0000
Intercept,_,_,0,0.02006,46E3,0.00,1.0000
Intercept,_,_,0,0.02006,46E3,0.00,1.0000
Intercept,_,_,0,0.02006,46E3,0.00,1.0000
Intercept,_,_,0,0.02006,46E3,0.00,1.0000
Intercept,_,_,0,0.02006,46E3,0.00,1.0000
Intercept,_,_,0,0.02006,46E3,0.00,1.0000
Intercept,_,_,0,0.02006,46E3,0.00,1.0000
Intercept,_,_,0,0.02006,46E3,0.00,1.0000
Intercept,_,_,0,0.02006,46E3,0.00,1.0000
Intercept,_,_,0,0.02006,46E3,0.00,1.0000
Intercept,_,_,0,0.02006,46E3,0.00,1.0000
Intercept,_,_,0,0.02006,46E3,0.00,1.0000
Intercept,_,_,0,0.02006,46E3,0.00,1.0000
Intercept,_,10,0.009210,0.01075,46E3,0.86,0.3914
Intercept,52,10,-0.01789,0.01752,46E3,-1.02,0.3072
Intercept,181,10,0.02532,0.01771,46E3,1.43,0.1528
Intercept,281,10,-0.00232,0.01549,46E3,-0.15,0.8809
Intercept,329,10,0.01711,0.01867,46E3,0.92,0.3593
Intercept,_,_,0,0.02006,46E3,0.00,1.0000
Intercept,_,_,0,0.02006,46E3,0.00,1.0000
Intercept,_,_,0,0.02006,46E3,0.00,1.0000
Intercept,_,_,0,0.02006,46E3,0.00,1.0000
Intercept,_,_,0,0.02006,46E3,0.00,1.0000
Intercept,_,_,0,0.02006,46E3,0.00,1.0000
Intercept,_,_,0,0.02006,46E3,0.00,1.0000
Intercept,_,_,0,0.02006,46E3,0.00,1.0000
Intercept,_,_,0,0.02006,46E3,0.00,1.0000
Intercept,_,_,0,0.02006,46E3,0.00,1.0000
Intercept,_,_,0,0.02006,46E3,0.00,1.0000
Intercept,_,_,0,0.02006,46E3,0.00,1.0000
Intercept,_,_,0,0.02006,46E3,0.00,1.0000
Intercept,_,_,0,0.02006,46E3,0.00,1.0000
Intercept,_,_,0,0.02006,46E3,0.00,1.0000
Intercept,_,_,0,0.02006,46E3,0.00,1.0000
Intercept,_,_,0,0.02006,46E3,0.00,1.0000
Intercept,_,_,0,0.02006,46E3,0.00,1.0000
Intercept,_,_,0,0.02006,46E3,0.00,1.0000
Intercept,_,_,0,0.02006,46E3,0.00,1.0000
Intercept,_,_,0,0.02006,46E3,0.00,1.0000
Intercept,_,_,0,0.02006,46E3,0.00,1.0000
Intercept,_,_,0,0.02006,46E3,0.00,1.0000
Intercept,_,_,0,0.02006,46E3,0.00,1.0000
Intercept,_,_,0,0.02006,46E3,0.00,1.0000
Intercept,_,_,0,0.02006,46E3,0.00,1.0000
Intercept,_,_,0,0.02006,46E3,0.00,1.0000
Intercept,_,_,0,0.02006,46E3,0.00,1.0000
Intercept,_,_,0,0.02006,46E3,0.00,1.0000
Intercept,_,_,0,0.02006,46E3,0.00,1.0000
Intercept,_,11,-0.00526,0.007301,46E3,-0.72,0.4714
Intercept,21,11,0.004741,0.01468,46E3,0.32,0.7468
Intercept,23,11,0.008488,0.01553,46E3,0.55,0.5848
Intercept,78,11,-0.01231,0.01275,46E3,-0.97,0.3343
Intercept,81,11,-0.00620,0.01394,46E3,-0.44,0.6565
Intercept,84,11,-0.00879,0.01335,46E3,-0.66,0.5105
Intercept,128,11,-0.02104,0.01308,46E3,-1.61,0.1077
Intercept,187,11,-0.00135,0.01527,46E3,-0.09,0.9296
Intercept,206,11,0.000214,0.01647,46E3,0.01,0.9896
Intercept,255,11,0.01452,0.01441,46E3,1.01,0.3135
Intercept,258,11,0.007868,0.01379,46E3,0.57,0.5682
Intercept,296,11,0.001154,0.01241,46E3,0.09,0.9259
Intercept,_,_,0,0.02006,46E3,0.00,1.0000
Intercept,_,_,0,0.02006,46E3,0.00,1.0000
Intercept,_,_,0,0.02006,46E3,0.00,1.0000
Intercept,_,_,0,0.02006,46E3,0.00,1.0000
Intercept,_,_,0,0.02006,46E3,0.00,1.0000
Intercept,_,_,0,0.02006,46E3,0.00,1.0000
Intercept,_,_,0,0.02006,46E3,0.00,1.0000
Intercept,_,_,0,0.02006,46E3,0.00,1.0000
Intercept,_,_,0,0.02006,46E3,0.00,1.0000
Intercept,_,_,0,0.02006,46E3,0.00,1.0000
Intercept,_,_,0,0.02006,46E3,0.00,1.0000
Intercept,_,_,0,0.02006,46E3,0.00,1.0000
Intercept,_,_,0,0.02006,46E3,0.00,1.0000
Intercept,_,_,0,0.02006,46E3,0.00,1.0000
Intercept,_,_,0,0.02006,46E3,0.00,1.0000
Intercept,_,_,0,0.02006,46E3,0.00,1.0000
Intercept,_,_,0,0.02006,46E3,0.00,1.0000
Intercept,_,_,0,0.02006,46E3,0.00,1.0000
Intercept,_,_,0,0.02006,46E3,0.00,1.0000
Intercept,_,_,0,0.02006,46E3,0.00,1.0000
Intercept,_,_,0,0.02006,46E3,0.00,1.0000
Intercept,_,_,0,0.02006,46E3,0.00,1.0000
Intercept,_,_,0,0.02006,46E3,0.00,1.0000
Intercept,_,12,0.01066,0.009143,46E3,1.17,0.2437
Intercept,11,12,-0.00264,0.01362,46E3,-0.19,0.8462
Intercept,22,12,0.002442,0.01845,46E3,0.13,0.8947
Intercept,133,12,-0.01271,0.01573,46E3,-0.81,0.4192
Intercept,243,12,0.02052,0.01624,46E3,1.26,0.2064
Intercept,283,12,0.002680,0.01380,46E3,0.19,0.8461
Intercept,328,12,0.01543,0.01582,46E3,0.98,0.3295
Intercept,_,_,0,0.02006,46E3,0.00,1.0000
Intercept,_,_,0,0.02006,46E3,0.00,1.0000
Intercept,_,_,0,0.02006,46E3,0.00,1.0000
Intercept,_,_,0,0.02006,46E3,0.00,1.0000
Intercept,_,_,0,0.02006,46E3,0.00,1.0000
Intercept,_,_,0,0.02006,46E3,0.00,1.0000
Intercept,_,_,0,0.02006,46E3,0.00,1.0000
Intercept,_,_,0,0.02006,46E3,0.00,1.0000
Intercept,_,_,0,0.02006,46E3,0.00,1.0000
Intercept,_,_,0,0.02006,46E3,0.00,1.0000
Intercept,_,_,0,0.02006,46E3,0.00,1.0000
Intercept,_,_,0,0.02006,46E3,0.00,1.0000
Intercept,_,_,0,0.02006,46E3,0.00,1.0000
Intercept,_,_,0,0.02006,46E3,0.00,1.0000
Intercept,_,_,0,0.02006,46E3,0.00,1.0000
Intercept,_,_,0,0.02006,46E3,0.00,1.0000
Intercept,_,_,0,0.02006,46E3,0.00,1.0000
Intercept,_,_,0,0.02006,46E3,0.00,1.0000
Intercept,_,_,0,0.02006,46E3,0.00,1.0000
Intercept,_,_,0,0.02006,46E3,0.00,1.0000
Intercept,_,_,0,0.02006,46E3,0.00,1.0000
Intercept,_,_,0,0.02006,46E3,0.00,1.0000
Intercept,_,_,0,0.02006,46E3,0.00,1.0000
Intercept,_,_,0,0.02006,46E3,0.00,1.0000
Intercept,_,_,0,0.02006,46E3,0.00,1.0000
Intercept,_,_,0,0.02006,46E3,0.00,1.0000
Intercept,_,_,0,0.02006,46E3,0.00,1.0000
Intercept,_,_,0,0.02006,46E3,0.00,1.0000
Intercept,_,13,-0.01634,0.008635,46E3,-1.89,0.0585
Intercept,6,13,0.001434,0.01668,46E3,0.09,0.9315
Intercept,24,13,0.006857,0.01849,46E3,0.37,0.7108
Intercept,26,13,-0.00999,0.01652,46E3,-0.60,0.5456
Intercept,90,13,-0.01807,0.01772,46E3,-1.02,0.3080
Intercept,126,13,0.002471,0.01767,46E3,0.14,0.8888
Intercept,145,13,0.004156,0.01756,46E3,0.24,0.8130
Intercept,147,13,0.01156,0.01639,46E3,0.71,0.4804
Intercept,150,13,-0.03016,0.01416,46E3,-2.13,0.0332
Intercept,154,13,0.002291,0.01457,46E3,0.16,0.8751
Intercept,275,13,-0.00998,0.01756,46E3,-0.57,0.5699
Intercept,_,_,0,0.02006,46E3,0.00,1.0000
Intercept,_,_,0,0.02006,46E3,0.00,1.0000
Intercept,_,_,0,0.02006,46E3,0.00,1.0000
Intercept,_,_,0,0.02006,46E3,0.00,1.0000
Intercept,_,_,0,0.02006,46E3,0.00,1.0000
Intercept,_,_,0,0.02006,46E3,0.00,1.0000
Intercept,_,_,0,0.02006,46E3,0.00,1.0000
Intercept,_,_,0,0.02006,46E3,0.00,1.0000
Intercept,_,_,0,0.02006,46E3,0.00,1.0000
Intercept,_,_,0,0.02006,46E3,0.00,1.0000
Intercept,_,_,0,0.02006,46E3,0.00,1.0000
Intercept,_,_,0,0.02006,46E3,0.00,1.0000
Intercept,_,_,0,0.02006,46E3,0.00,1.0000
Intercept,_,_,0,0.02006,46E3,0.00,1.0000
Intercept,_,_,0,0.02006,46E3,0.00,1.0000
Intercept,_,_,0,0.02006,46E3,0.00,1.0000
Intercept,_,_,0,0.02006,46E3,0.00,1.0000
Intercept,_,_,0,0.02006,46E3,0.00,1.0000
Intercept,_,_,0,0.02006,46E3,0.00,1.0000
Intercept,_,_,0,0.02006,46E3,0.00,1.0000
Intercept,_,_,0,0.02006,46E3,0.00,1.0000
Intercept,_,_,0,0.02006,46E3,0.00,1.0000
Intercept,_,_,0,0.02006,46E3,0.00,1.0000
Intercept,_,_,0,0.02006,46E3,0.00,1.0000
Intercept,_,14,0.01101,0.005944,46E3,1.85,0.0639
Intercept,7,14,-0.00660,0.01243,46E3,-0.53,0.5952
Intercept,13,14,-0.01135,0.01269,46E3,-0.89,0.3708
Intercept,20,14,-0.00514,0.01410,46E3,-0.36,0.7156
Intercept,35,14,-0.00385,0.01335,46E3,-0.29,0.7732
Intercept,40,14,0.006801,0.01273,46E3,0.53,0.5933
Intercept,71,14,-0.01244,0.01110,46E3,-1.12,0.2623
Intercept,119,14,0.01880,0.01342,46E3,1.40,0.1614
Intercept,202,14,0.01047,0.01292,46E3,0.81,0.4177
Intercept,236,14,-0.01684,0.01267,46E3,-1.33,0.1839
Intercept,238,14,-0.00280,0.01266,46E3,-0.22,0.8250
Intercept,248,14,0.02015,0.01370,46E3,1.47,0.1412
Intercept,250,14,0.02835,0.01561,46E3,1.82,0.0693
Intercept,278,14,0.01233,0.01446,46E3,0.85,0.3937
Intercept,284,14,-0.00239,0.01774,46E3,-0.13,0.8928
Intercept,295,14,0.004320,0.01133,46E3,0.38,0.7030
Intercept,299,14,-0.02009,0.01346,46E3,-1.49,0.1357
Intercept,312,14,-0.01227,0.01147,46E3,-1.07,0.2850
Intercept,325,14,0.006429,0.01162,46E3,0.55,0.5802
Intercept,342,14,0.001632,0.01364,46E3,0.12,0.9047
Intercept,343,14,0.01107,0.01376,46E3,0.80,0.4210
Intercept,_,_,0,0.02006,46E3,0.00,1.0000
Intercept,_,_,0,0.02006,46E3,0.00,1.0000
Intercept,_,_,0,0.02006,46E3,0.00,1.0000
Intercept,_,_,0,0.02006,46E3,0.00,1.0000
Intercept,_,_,0,0.02006,46E3,0.00,1.0000
Intercept,_,_,0,0.02006,46E3,0.00,1.0000
Intercept,_,_,0,0.02006,46E3,0.00,1.0000
Intercept,_,_,0,0.02006,46E3,0.00,1.0000
Intercept,_,_,0,0.02006,46E3,0.00,1.0000
Intercept,_,_,0,0.02006,46E3,0.00,1.0000
Intercept,_,_,0,0.02006,46E3,0.00,1.0000
Intercept,_,_,0,0.02006,46E3,0.00,1.0000
Intercept,_,_,0,0.02006,46E3,0.00,1.0000
Intercept,_,_,0,0.02006,46E3,0.00,1.0000
Intercept,_,15,0.009243,0.007764,46E3,1.19,0.2339
Intercept,37,15,-0.01670,0.01535,46E3,-1.09,0.2766
Intercept,91,15,0.002769,0.01397,46E3,0.20,0.8428
Intercept,123,15,0.02593,0.01353,46E3,1.92,0.0552
Intercept,152,15,0.004950,0.01349,46E3,0.37,0.7136
Intercept,162,15,0.009998,0.01269,46E3,0.79,0.4308
Intercept,235,15,-0.00433,0.01272,46E3,-0.34,0.7337
Intercept,268,15,0.001764,0.01345,46E3,0.13,0.8956
Intercept,306,15,-0.00208,0.01273,46E3,-0.16,0.8699
Intercept,_,_,0,0.02006,46E3,0.00,1.0000
Intercept,_,_,0,0.02006,46E3,0.00,1.0000
Intercept,_,_,0,0.02006,46E3,0.00,1.0000
Intercept,_,_,0,0.02006,46E3,0.00,1.0000
Intercept,_,_,0,0.02006,46E3,0.00,1.0000
Intercept,_,_,0,0.02006,46E3,0.00,1.0000
Intercept,_,_,0,0.02006,46E3,0.00,1.0000
Intercept,_,_,0,0.02006,46E3,0.00,1.0000
Intercept,_,_,0,0.02006,46E3,0.00,1.0000
Intercept,_,_,0,0.02006,46E3,0.00,1.0000
Intercept,_,_,0,0.02006,46E3,0.00,1.0000
Intercept,_,_,0,0.02006,46E3,0.00,1.0000
Intercept,_,_,0,0.02006,46E3,0.00,1.0000
Intercept,_,_,0,0.02006,46E3,0.00,1.0000
Intercept,_,_,0,0.02006,46E3,0.00,1.0000
Intercept,_,_,0,0.02006,46E3,0.00,1.0000
Intercept,_,_,0,0.02006,46E3,0.00,1.0000
Intercept,_,_,0,0.02006,46E3,0.00,1.0000
Intercept,_,_,0,0.02006,46E3,0.00,1.0000
Intercept,_,_,0,0.02006,46E3,0.00,1.0000
Intercept,_,_,0,0.02006,46E3,0.00,1.0000
Intercept,_,_,0,0.02006,46E3,0.00,1.0000
Intercept,_,_,0,0.02006,46E3,0.00,1.0000
Intercept,_,_,0,0.02006,46E3,0.00,1.0000
Intercept,_,_,0,0.02006,46E3,0.00,1.0000
Intercept,_,_,0,0.02006,46E3,0.00,1.0000
Intercept,_,16,0.003676,0.008449,46E3,0.44,0.6635
Intercept,67,16,0.01056,0.01279,46E3,0.83,0.4089
Intercept,86,16,0.01054,0.01361,46E3,0.77,0.4389
Intercept,87,16,-0.00850,0.01357,46E3,-0.63,0.5309
Intercept,139,16,-0.00458,0.01472,46E3,-0.31,0.7555
Intercept,228,16,0.000031,0.01421,46E3,0.00,0.9983
Intercept,252,16,0.000833,0.01395,46E3,0.06,0.9524
Intercept,_,_,0,0.02006,46E3,0.00,1.0000
Intercept,_,_,0,0.02006,46E3,0.00,1.0000
Intercept,_,_,0,0.02006,46E3,0.00,1.0000
Intercept,_,_,0,0.02006,46E3,0.00,1.0000
Intercept,_,_,0,0.02006,46E3,0.00,1.0000
Intercept,_,_,0,0.02006,46E3,0.00,1.0000
Intercept,_,_,0,0.02006,46E3,0.00,1.0000
Intercept,_,_,0,0.02006,46E3,0.00,1.0000
Intercept,_,_,0,0.02006,46E3,0.00,1.0000
Intercept,_,_,0,0.02006,46E3,0.00,1.0000
Intercept,_,_,0,0.02006,46E3,0.00,1.0000
Intercept,_,_,0,0.02006,46E3,0.00,1.0000
Intercept,_,_,0,0.02006,46E3,0.00,1.0000
Intercept,_,_,0,0.02006,46E3,0.00,1.0000
Intercept,_,_,0,0.02006,46E3,0.00,1.0000
Intercept,_,_,0,0.02006,46E3,0.00,1.0000
Intercept,_,_,0,0.02006,46E3,0.00,1.0000
Intercept,_,_,0,0.02006,46E3,0.00,1.0000
Intercept,_,_,0,0.02006,46E3,0.00,1.0000
Intercept,_,_,0,0.02006,46E3,0.00,1.0000
Intercept,_,_,0,0.02006,46E3,0.00,1.0000
Intercept,_,_,0,0.02006,46E3,0.00,1.0000
Intercept,_,_,0,0.02006,46E3,0.00,1.0000
Intercept,_,_,0,0.02006,46E3,0.00,1.0000
Intercept,_,_,0,0.02006,46E3,0.00,1.0000
Intercept,_,_,0,0.02006,46E3,0.00,1.0000
Intercept,_,_,0,0.02006,46E3,0.00,1.0000
Intercept,_,_,0,0.02006,46E3,0.00,1.0000
Intercept,_,17,-0.00170,0.008386,46E3,-0.20,0.8390
Intercept,76,17,0.005068,0.01554,46E3,0.33,0.7443
Intercept,108,17,0.006696,0.01492,46E3,0.45,0.6536
Intercept,111,17,-0.00334,0.01455,46E3,-0.23,0.8187
Intercept,157,17,-0.01701,0.01519,46E3,-1.12,0.2630
Intercept,207,17,-0.01225,0.01395,46E3,-0.88,0.3799
Intercept,211,17,-0.00508,0.01380,46E3,-0.37,0.7130
Intercept,234,17,0.02179,0.01417,46E3,1.54,0.1240
Intercept,_,_,0,0.02006,46E3,0.00,1.0000
Intercept,_,_,0,0.02006,46E3,0.00,1.0000
Intercept,_,_,0,0.02006,46E3,0.00,1.0000
Intercept,_,_,0,0.02006,46E3,0.00,1.0000
Intercept,_,_,0,0.02006,46E3,0.00,1.0000
Intercept,_,_,0,0.02006,46E3,0.00,1.0000
Intercept,_,_,0,0.02006,46E3,0.00,1.0000
Intercept,_,_,0,0.02006,46E3,0.00,1.0000
Intercept,_,_,0,0.02006,46E3,0.00,1.0000
Intercept,_,_,0,0.02006,46E3,0.00,1.0000
Intercept,_,_,0,0.02006,46E3,0.00,1.0000
Intercept,_,_,0,0.02006,46E3,0.00,1.0000
Intercept,_,_,0,0.02006,46E3,0.00,1.0000
Intercept,_,_,0,0.02006,46E3,0.00,1.0000
Intercept,_,_,0,0.02006,46E3,0.00,1.0000
Intercept,_,_,0,0.02006,46E3,0.00,1.0000
Intercept,_,_,0,0.02006,46E3,0.00,1.0000
Intercept,_,_,0,0.02006,46E3,0.00,1.0000
Intercept,_,_,0,0.02006,46E3,0.00,1.0000
Intercept,_,_,0,0.02006,46E3,0.00,1.0000
Intercept,_,_,0,0.02006,46E3,0.00,1.0000
Intercept,_,_,0,0.02006,46E3,0.00,1.0000
Intercept,_,_,0,0.02006,46E3,0.00,1.0000
Intercept,_,_,0,0.02006,46E3,0.00,1.0000
Intercept,_,_,0,0.02006,46E3,0.00,1.0000
Intercept,_,_,0,0.02006,46E3,0.00,1.0000
Intercept,_,_,0,0.02006,46E3,0.00,1.0000
Intercept,_,18,-0.01078,0.008803,46E3,-1.22,0.2207
Intercept,38,18,-0.00199,0.01426,46E3,-0.14,0.8890
Intercept,69,18,-0.01250,0.01748,46E3,-0.72,0.4744
Intercept,239,18,-0.00314,0.01325,46E3,-0.24,0.8129
Intercept,262,18,0.004837,0.01316,46E3,0.37,0.7131
Intercept,263,18,0.000809,0.01624,46E3,0.05,0.9603
Intercept,337,18,-0.01403,0.01452,46E3,-0.97,0.3338
Intercept,_,_,0,0.02006,46E3,0.00,1.0000
Intercept,_,_,0,0.02006,46E3,0.00,1.0000
Intercept,_,_,0,0.02006,46E3,0.00,1.0000
Intercept,_,_,0,0.02006,46E3,0.00,1.0000
Intercept,_,_,0,0.02006,46E3,0.00,1.0000
Intercept,_,_,0,0.02006,46E3,0.00,1.0000
Intercept,_,_,0,0.02006,46E3,0.00,1.0000
Intercept,_,_,0,0.02006,46E3,0.00,1.0000
Intercept,_,_,0,0.02006,46E3,0.00,1.0000
Intercept,_,_,0,0.02006,46E3,0.00,1.0000
Intercept,_,_,0,0.02006,46E3,0.00,1.0000
Intercept,_,_,0,0.02006,46E3,0.00,1.0000
Intercept,_,_,0,0.02006,46E3,0.00,1.0000
Intercept,_,_,0,0.02006,46E3,0.00,1.0000
Intercept,_,_,0,0.02006,46E3,0.00,1.0000
Intercept,_,_,0,0.02006,46E3,0.00,1.0000
Intercept,_,_,0,0.02006,46E3,0.00,1.0000
Intercept,_,_,0,0.02006,46E3,0.00,1.0000
Intercept,_,_,0,0.02006,46E3,0.00,1.0000
Intercept,_,_,0,0.02006,46E3,0.00,1.0000
Intercept,_,_,0,0.02006,46E3,0.00,1.0000
Intercept,_,_,0,0.02006,46E3,0.00,1.0000
Intercept,_,_,0,0.02006,46E3,0.00,1.0000
Intercept,_,_,0,0.02006,46E3,0.00,1.0000
Intercept,_,_,0,0.02006,46E3,0.00,1.0000
Intercept,_,_,0,0.02006,46E3,0.00,1.0000
Intercept,_,_,0,0.02006,46E3,0.00,1.0000
Intercept,_,_,0,0.02006,46E3,0.00,1.0000
Intercept,_,19,0.01150,0.007674,46E3,1.50,0.1341
Intercept,19,19,0.006648,0.01648,46E3,0.40,0.6867
Intercept,45,19,0.01258,0.01367,46E3,0.92,0.3575
Intercept,60,19,0.02835,0.01656,46E3,1.71,0.0869
Intercept,65,19,0.007168,0.01559,46E3,0.46,0.6457
Intercept,75,19,0.02861,0.01212,46E3,2.36,0.0183
Intercept,100,19,-0.00770,0.01646,46E3,-0.47,0.6402
Intercept,158,19,-0.00871,0.01722,46E3,-0.51,0.6127
Intercept,186,19,-0.00916,0.01549,46E3,-0.59,0.5541
Intercept,208,19,-0.00204,0.01276,46E3,-0.16,0.8732
Intercept,218,19,-0.00818,0.01440,46E3,-0.57,0.5700
Intercept,247,19,-0.01981,0.01618,46E3,-1.22,0.2207
Intercept,_,_,0,0.02006,46E3,0.00,1.0000
Intercept,_,_,0,0.02006,46E3,0.00,1.0000
Intercept,_,_,0,0.02006,46E3,0.00,1.0000
Intercept,_,_,0,0.02006,46E3,0.00,1.0000
Intercept,_,_,0,0.02006,46E3,0.00,1.0000
Intercept,_,_,0,0.02006,46E3,0.00,1.0000
Intercept,_,_,0,0.02006,46E3,0.00,1.0000
Intercept,_,_,0,0.02006,46E3,0.00,1.0000
Intercept,_,_,0,0.02006,46E3,0.00,1.0000
Intercept,_,_,0,0.02006,46E3,0.00,1.0000
Intercept,_,_,0,0.02006,46E3,0.00,1.0000
Intercept,_,_,0,0.02006,46E3,0.00,1.0000
Intercept,_,_,0,0.02006,46E3,0.00,1.0000
Intercept,_,_,0,0.02006,46E3,0.00,1.0000
Intercept,_,_,0,0.02006,46E3,0.00,1.0000
Intercept,_,_,0,0.02006,46E3,0.00,1.0000
Intercept,_,_,0,0.02006,46E3,0.00,1.0000
Intercept,_,_,0,0.02006,46E3,0.00,1.0000
Intercept,_,_,0,0.02006,46E3,0.00,1.0000
Intercept,_,_,0,0.02006,46E3,0.00,1.0000
Intercept,_,_,0,0.02006,46E3,0.00,1.0000
Intercept,_,_,0,0.02006,46E3,0.00,1.0000
Intercept,_,_,0,0.02006,46E3,0.00,1.0000
Intercept,_,20,0.006878,0.005774,46E3,1.19,0.2336
Intercept,14,20,-0.00723,0.01485,46E3,-0.49,0.6262
Intercept,39,20,0.01227,0.01464,46E3,0.84,0.4019
Intercept,56,20,0.006102,0.01878,46E3,0.32,0.7452
Intercept,57,20,0.02989,0.01520,46E3,1.97,0.0493
Intercept,58,20,0.01447,0.01706,46E3,0.85,0.3964
Intercept,62,20,-0.00445,0.01480,46E3,-0.30,0.7637
Intercept,66,20,-0.00021,0.01760,46E3,-0.01,0.9903
Intercept,80,20,0.001182,0.01747,46E3,0.07,0.9461
Intercept,99,20,-0.01276,0.01375,46E3,-0.93,0.3535
Intercept,102,20,0.01430,0.01604,46E3,0.89,0.3726
Intercept,107,20,-0.01156,0.01539,46E3,-0.75,0.4528
Intercept,110,20,0.02700,0.01465,46E3,1.84,0.0653
Intercept,113,20,-0.01016,0.01415,46E3,-0.72,0.4728
Intercept,148,20,-0.00357,0.01393,46E3,-0.26,0.7974
Intercept,156,20,0.001808,0.01545,46E3,0.12,0.9069
Intercept,161,20,0.005214,0.01516,46E3,0.34,0.7309
Intercept,165,20,0.001022,0.01415,46E3,0.07,0.9424
Intercept,174,20,0.003143,0.01743,46E3,0.18,0.8569
Intercept,185,20,-0.00693,0.01728,46E3,-0.40,0.6885
Intercept,204,20,-0.00248,0.01578,46E3,-0.16,0.8750
Intercept,213,20,-0.00529,0.01571,46E3,-0.34,0.7364
Intercept,244,20,-0.01402,0.01534,46E3,-0.91,0.3607
Intercept,249,20,0.01217,0.01707,46E3,0.71,0.4760
Intercept,264,20,0.02908,0.01773,46E3,1.64,0.1011
Intercept,265,20,-0.01717,0.01673,46E3,-1.03,0.3047
Intercept,273,20,-0.00865,0.01393,46E3,-0.62,0.5346
Intercept,274,20,0.007266,0.01451,46E3,0.50,0.6165
Intercept,286,20,-0.00615,0.01778,46E3,-0.35,0.7294
Intercept,290,20,-0.01385,0.01580,46E3,-0.88,0.3807
Intercept,305,20,-0.02178,0.01526,46E3,-1.43,0.1535
Intercept,314,20,0.003597,0.01581,46E3,0.23,0.8200
Intercept,320,20,-0.00174,0.01867,46E3,-0.09,0.9257
Intercept,323,20,-0.00743,0.01502,46E3,-0.49,0.6208
Intercept,336,20,0.003539,0.01681,46E3,0.21,0.8333
Intercept,_,21,0.001875,0.007933,46E3,0.24,0.8132
Intercept,29,21,-0.00260,0.01291,46E3,-0.20,0.8405
Intercept,104,21,-0.02557,0.01368,46E3,-1.87,0.0615
Intercept,124,21,0.01295,0.01372,46E3,0.94,0.3455
Intercept,131,21,-0.00682,0.01255,46E3,-0.54,0.5871
Intercept,180,21,0.01149,0.01381,46E3,0.83,0.4054
Intercept,304,21,-0.02872,0.01359,46E3,-2.11,0.0345
Intercept,311,21,0.007232,0.01663,46E3,0.43,0.6636
Intercept,315,21,0.03656,0.01536,46E3,2.38,0.0173
Intercept,_,_,0,0.02006,46E3,0.00,1.0000
Intercept,_,_,0,0.02006,46E3,0.00,1.0000
Intercept,_,_,0,0.02006,46E3,0.00,1.0000
Intercept,_,_,0,0.02006,46E3,0.00,1.0000
Intercept,_,_,0,0.02006,46E3,0.00,1.0000
Intercept,_,_,0,0.02006,46E3,0.00,1.0000
Intercept,_,_,0,0.02006,46E3,0.00,1.0000
Intercept,_,_,0,0.02006,46E3,0.00,1.0000
Intercept,_,_,0,0.02006,46E3,0.00,1.0000
Intercept,_,_,0,0.02006,46E3,0.00,1.0000
Intercept,_,_,0,0.02006,46E3,0.00,1.0000
Intercept,_,_,0,0.02006,46E3,0.00,1.0000
Intercept,_,_,0,0.02006,46E3,0.00,1.0000
Intercept,_,_,0,0.02006,46E3,0.00,1.0000
Intercept,_,_,0,0.02006,46E3,0.00,1.0000
Intercept,_,_,0,0.02006,46E3,0.00,1.0000
Intercept,_,_,0,0.02006,46E3,0.00,1.0000
Intercept,_,_,0,0.02006,46E3,0.00,1.0000
Intercept,_,_,0,0.02006,46E3,0.00,1.0000
Intercept,_,_,0,0.02006,46E3,0.00,1.0000
Intercept,_,_,0,0.02006,46E3,0.00,1.0000
Intercept,_,_,0,0.02006,46E3,0.00,1.0000
Intercept,_,_,0,0.02006,46E3,0.00,1.0000
Intercept,_,_,0,0.02006,46E3,0.00,1.0000
Intercept,_,_,0,0.02006,46E3,0.00,1.0000
Intercept,_,_,0,0.02006,46E3,0.00,1.0000
Intercept,_,22,0.01568,0.006262,46E3,2.50,0.0123
Intercept,0,22,-0.01872,0.01415,46E3,-1.32,0.1857
Intercept,15,22,-0.00835,0.01544,46E3,-0.54,0.5884
Intercept,18,22,0.01330,0.01492,46E3,0.89,0.3728
Intercept,28,22,-0.00153,0.01307,46E3,-0.12,0.9068
Intercept,46,22,0.01035,0.01543,46E3,0.67,0.5022
Intercept,96,22,0.005787,0.01457,46E3,0.40,0.6912
Intercept,98,22,-0.02259,0.01749,46E3,-1.29,0.1966
Intercept,106,22,0.002595,0.01581,46E3,0.16,0.8697
Intercept,135,22,-0.01272,0.01450,46E3,-0.88,0.3805
Intercept,138,22,0.008957,0.01629,46E3,0.55,0.5825
Intercept,141,22,0.02266,0.01857,46E3,1.22,0.2223
Intercept,184,22,-0.01673,0.01415,46E3,-1.18,0.2370
Intercept,190,22,0.01490,0.01628,46E3,0.92,0.3600
Intercept,199,22,-0.01027,0.01535,46E3,-0.67,0.5036
Intercept,201,22,0.01617,0.01549,46E3,1.04,0.2963
Intercept,216,22,-0.00522,0.01632,46E3,-0.32,0.7493
Intercept,232,22,0.01615,0.01826,46E3,0.88,0.3765
Intercept,254,22,0.008779,0.01300,46E3,0.68,0.4995
Intercept,292,22,0.01646,0.01517,46E3,1.08,0.2779
Intercept,301,22,0.01554,0.01555,46E3,1.00,0.3178
Intercept,309,22,0.004607,0.01727,46E3,0.27,0.7897
Intercept,310,22,0.009336,0.01788,46E3,0.52,0.6016
Intercept,321,22,-0.01275,0.01358,46E3,-0.94,0.3476
Intercept,326,22,-0.01889,0.01112,46E3,-1.70,0.0893
Intercept,_,_,0,0.02006,46E3,0.00,1.0000
Intercept,_,_,0,0.02006,46E3,0.00,1.0000
Intercept,_,_,0,0.02006,46E3,0.00,1.0000
Intercept,_,_,0,0.02006,46E3,0.00,1.0000
Intercept,_,_,0,0.02006,46E3,0.00,1.0000
Intercept,_,_,0,0.02006,46E3,0.00,1.0000
Intercept,_,_,0,0.02006,46E3,0.00,1.0000
Intercept,_,_,0,0.02006,46E3,0.00,1.0000
Intercept,_,_,0,0.02006,46E3,0.00,1.0000
Intercept,_,_,0,0.02006,46E3,0.00,1.0000
Intercept,_,23,0.01037,0.008152,46E3,1.27,0.2035
Intercept,1,23,0.001896,0.01341,46E3,0.14,0.8875
Intercept,59,23,0.000878,0.01364,46E3,0.06,0.9487
Intercept,74,23,0.02363,0.01372,46E3,1.72,0.0850
Intercept,101,23,0.02616,0.01628,46E3,1.61,0.1081
Intercept,116,23,0.01586,0.01606,46E3,0.99,0.3236
Intercept,122,23,0.007334,0.01810,46E3,0.41,0.6853
Intercept,142,23,-0.02339,0.01553,46E3,-1.51,0.1319
Intercept,170,23,-0.00863,0.01492,46E3,-0.58,0.5630
Intercept,261,23,-0.01871,0.01518,46E3,-1.23,0.2175
Intercept,_,_,0,0.02006,46E3,0.00,1.0000
Intercept,_,_,0,0.02006,46E3,0.00,1.0000
Intercept,_,_,0,0.02006,46E3,0.00,1.0000
Intercept,_,_,0,0.02006,46E3,0.00,1.0000
Intercept,_,_,0,0.02006,46E3,0.00,1.0000
Intercept,_,_,0,0.02006,46E3,0.00,1.0000
Intercept,_,_,0,0.02006,46E3,0.00,1.0000
Intercept,_,_,0,0.02006,46E3,0.00,1.0000
Intercept,_,_,0,0.02006,46E3,0.00,1.0000
Intercept,_,_,0,0.02006,46E3,0.00,1.0000
Intercept,_,_,0,0.02006,46E3,0.00,1.0000
Intercept,_,_,0,0.02006,46E3,0.00,1.0000
Intercept,_,_,0,0.02006,46E3,0.00,1.0000
Intercept,_,_,0,0.02006,46E3,0.00,1.0000
Intercept,_,_,0,0.02006,46E3,0.00,1.0000
Intercept,_,_,0,0.02006,46E3,0.00,1.0000
Intercept,_,_,0,0.02006,46E3,0.00,1.0000
Intercept,_,_,0,0.02006,46E3,0.00,1.0000
Intercept,_,_,0,0.02006,46E3,0.00,1.0000
Intercept,_,_,0,0.02006,46E3,0.00,1.0000
Intercept,_,_,0,0.02006,46E3,0.00,1.0000
Intercept,_,_,0,0.02006,46E3,0.00,1.0000
Intercept,_,_,0,0.02006,46E3,0.00,1.0000
Intercept,_,_,0,0.02006,46E3,0.00,1.0000
Intercept,_,_,0,0.02006,46E3,0.00,1.0000
Intercept,_,24,0.01151,0.008405,46E3,1.37,0.1708
Intercept,53,24,0.009699,0.01606,46E3,0.60,0.5459
Intercept,109,24,-0.01654,0.01439,46E3,-1.15,0.2503
Intercept,114,24,-0.01498,0.01550,46E3,-0.97,0.3338
Intercept,233,24,-0.01343,0.01496,46E3,-0.90,0.3692
Intercept,242,24,0.003726,0.01648,46E3,0.23,0.8211
Intercept,251,24,0.01800,0.01645,46E3,1.09,0.2737
Intercept,272,24,0.01713,0.01416,46E3,1.21,0.2264
Intercept,319,24,0.02418,0.01486,46E3,1.63,0.1036
Intercept,_,_,0,0.02006,46E3,0.00,1.0000
Intercept,_,_,0,0.02006,46E3,0.00,1.0000
Intercept,_,_,0,0.02006,46E3,0.00,1.0000
Intercept,_,_,0,0.02006,46E3,0.00,1.0000
Intercept,_,_,0,0.02006,46E3,0.00,1.0000
Intercept,_,_,0,0.02006,46E3,0.00,1.0000
Intercept,_,_,0,0.02006,46E3,0.00,1.0000
Intercept,_,_,0,0.02006,46E3,0.00,1.0000
Intercept,_,_,0,0.02006,46E3,0.00,1.0000
Intercept,_,_,0,0.02006,46E3,0.00,1.0000
Intercept,_,_,0,0.02006,46E3,0.00,1.0000
Intercept,_,_,0,0.02006,46E3,0.00,1.0000
Intercept,_,_,0,0.02006,46E3,0.00,1.0000
Intercept,_,_,0,0.02006,46E3,0.00,1.0000
Intercept,_,_,0,0.02006,46E3,0.00,1.0000
Intercept,_,_,0,0.02006,46E3,0.00,1.0000
Intercept,_,_,0,0.02006,46E3,0.00,1.0000
Intercept,_,_,0,0.02006,46E3,0.00,1.0000
Intercept,_,_,0,0.02006,46E3,0.00,1.0000
Intercept,_,_,0,0.02006,46E3,0.00,1.0000
Intercept,_,_,0,0.02006,46E3,0.00,1.0000
Intercept,_,_,0,0.02006,46E3,0.00,1.0000
Intercept,_,_,0,0.02006,46E3,0.00,1.0000
Intercept,_,_,0,0.02006,46E3,0.00,1.0000
Intercept,_,_,0,0.02006,46E3,0.00,1.0000
Intercept,_,_,0,0.02006,46E3,0.00,1.0000
