Effect,id,topic,Estimate,StdErrPred,DF,tValue,Probt
Intercept,_,0,-0.01409,0.007216,46E3,-1.95,0.0509
Intercept,3,0,-0.01251,0.01633,46E3,-0.77,0.4434
Intercept,25,0,0.002147,0.01343,46E3,0.16,0.8730
Intercept,51,0,0.01478,0.01357,46E3,1.09,0.2762
Intercept,72,0,0.01067,0.01462,46E3,0.73,0.4655
Intercept,132,0,0.005684,0.01581,46E3,0.36,0.7192
Intercept,134,0,-0.00364,0.01169,46E3,-0.31,0.7555
Intercept,177,0,-0.01643,0.01395,46E3,-1.18,0.2390
Intercept,224,0,0.007093,0.01348,46E3,0.53,0.5988
Intercept,282,0,0.006049,0.01481,46E3,0.41,0.6830
Intercept,287,0,-0.00347,0.01802,46E3,-0.19,0.8474
Intercept,322,0,-0.01631,0.01352,46E3,-1.21,0.2277
Intercept,332,0,-0.02514,0.01707,46E3,-1.47,0.1408
Intercept,338,0,0.000627,0.01364,46E3,0.05,0.9633
Intercept,_,_,0,0.01947,46E3,0.00,1.0000
Intercept,_,_,0,0.01947,46E3,0.00,1.0000
Intercept,_,_,0,0.01947,46E3,0.00,1.0000
Intercept,_,_,0,0.01947,46E3,0.00,1.0000
Intercept,_,_,0,0.01947,46E3,0.00,1.0000
Intercept,_,_,0,0.01947,46E3,0.00,1.0000
Intercept,_,_,0,0.01947,46E3,0.00,1.0000
Intercept,_,_,0,0.01947,46E3,0.00,1.0000
Intercept,_,_,0,0.01947,46E3,0.00,1.0000
Intercept,_,_,0,0.01947,46E3,0.00,1.0000
Intercept,_,_,0,0.01947,46E3,0.00,1.0000
Intercept,_,_,0,0.01947,46E3,0.00,1.0000
Intercept,_,_,0,0.01947,46E3,0.00,1.0000
Intercept,_,_,0,0.01947,46E3,0.00,1.0000
Intercept,_,_,0,0.01947,46E3,0.00,1.0000
Intercept,_,_,0,0.01947,46E3,0.00,1.0000
Intercept,_,_,0,0.01947,46E3,0.00,1.0000
Intercept,_,_,0,0.01947,46E3,0.00,1.0000
Intercept,_,_,0,0.01947,46E3,0.00,1.0000
Intercept,_,_,0,0.01947,46E3,0.00,1.0000
Intercept,_,_,0,0.01947,46E3,0.00,1.0000
Intercept,_,1,-0.00310,0.006478,46E3,-0.48,0.6327
Intercept,44,1,0.003131,0.01502,46E3,0.21,0.8349
Intercept,54,1,-0.01818,0.01297,46E3,-1.40,0.1612
Intercept,82,1,-0.01039,0.01629,46E3,-0.64,0.5236
Intercept,89,1,-0.00090,0.01276,46E3,-0.07,0.9435
Intercept,173,1,0.01547,0.01103,46E3,1.40,0.1605
Intercept,188,1,0.01261,0.01650,46E3,0.76,0.4447
Intercept,192,1,-0.00231,0.01590,46E3,-0.15,0.8843
Intercept,200,1,-0.00055,0.01103,46E3,-0.05,0.9604
Intercept,209,1,0.007545,0.01151,46E3,0.66,0.5121
Intercept,210,1,0.000885,0.01201,46E3,0.07,0.9413
Intercept,214,1,-0.00012,0.01763,46E3,-0.01,0.9944
Intercept,229,1,-0.01324,0.01379,46E3,-0.96,0.3370
Intercept,240,1,-0.00106,0.01248,46E3,-0.08,0.9326
Intercept,288,1,0.03166,0.01178,46E3,2.69,0.0072
Intercept,291,1,-0.00813,0.01409,46E3,-0.58,0.5641
Intercept,313,1,-0.02310,0.01132,46E3,-2.04,0.0412
Intercept,_,_,0,0.01947,46E3,0.00,1.0000
Intercept,_,_,0,0.01947,46E3,0.00,1.0000
Intercept,_,_,0,0.01947,46E3,0.00,1.0000
Intercept,_,_,0,0.01947,46E3,0.00,1.0000
Intercept,_,_,0,0.01947,46E3,0.00,1.0000
Intercept,_,_,0,0.01947,46E3,0.00,1.0000
Intercept,_,_,0,0.01947,46E3,0.00,1.0000
Intercept,_,_,0,0.01947,46E3,0.00,1.0000
Intercept,_,_,0,0.01947,46E3,0.00,1.0000
Intercept,_,_,0,0.01947,46E3,0.00,1.0000
Intercept,_,_,0,0.01947,46E3,0.00,1.0000
Intercept,_,_,0,0.01947,46E3,0.00,1.0000
Intercept,_,_,0,0.01947,46E3,0.00,1.0000
Intercept,_,_,0,0.01947,46E3,0.00,1.0000
Intercept,_,_,0,0.01947,46E3,0.00,1.0000
Intercept,_,_,0,0.01947,46E3,0.00,1.0000
Intercept,_,_,0,0.01947,46E3,0.00,1.0000
Intercept,_,_,0,0.01947,46E3,0.00,1.0000
Intercept,_,2,-0.01445,0.007812,46E3,-1.85,0.0644
Intercept,70,2,0.002656,0.01639,46E3,0.16,0.8712
Intercept,127,2,-0.03077,0.01314,46E3,-2.34,0.0192
Intercept,137,2,-0.00087,0.01532,46E3,-0.06,0.9548
Intercept,159,2,-0.01236,0.01398,46E3,-0.88,0.3766
Intercept,171,2,0.01414,0.01358,46E3,1.04,0.2978
Intercept,183,2,0.004462,0.01709,46E3,0.26,0.7940
Intercept,193,2,0.004493,0.01518,46E3,0.30,0.7672
Intercept,195,2,-0.00977,0.01226,46E3,-0.80,0.4252
Intercept,266,2,0.003925,0.01798,46E3,0.22,0.8272
Intercept,270,2,-0.00216,0.01694,46E3,-0.13,0.8985
Intercept,339,2,-0.00497,0.01492,46E3,-0.33,0.7392
Intercept,_,_,0,0.01947,46E3,0.00,1.0000
Intercept,_,_,0,0.01947,46E3,0.00,1.0000
Intercept,_,_,0,0.01947,46E3,0.00,1.0000
Intercept,_,_,0,0.01947,46E3,0.00,1.0000
Intercept,_,_,0,0.01947,46E3,0.00,1.0000
Intercept,_,_,0,0.01947,46E3,0.00,1.0000
Intercept,_,_,0,0.01947,46E3,0.00,1.0000
Intercept,_,_,0,0.01947,46E3,0.00,1.0000
Intercept,_,_,0,0.01947,46E3,0.00,1.0000
Intercept,_,_,0,0.01947,46E3,0.00,1.0000
Intercept,_,_,0,0.01947,46E3,0.00,1.0000
Intercept,_,_,0,0.01947,46E3,0.00,1.0000
Intercept,_,_,0,0.01947,46E3,0.00,1.0000
Intercept,_,_,0,0.01947,46E3,0.00,1.0000
Intercept,_,_,0,0.01947,46E3,0.00,1.0000
Intercept,_,_,0,0.01947,46E3,0.00,1.0000
Intercept,_,_,0,0.01947,46E3,0.00,1.0000
Intercept,_,_,0,0.01947,46E3,0.00,1.0000
Intercept,_,_,0,0.01947,46E3,0.00,1.0000
Intercept,_,_,0,0.01947,46E3,0.00,1.0000
Intercept,_,_,0,0.01947,46E3,0.00,1.0000
Intercept,_,_,0,0.01947,46E3,0.00,1.0000
Intercept,_,_,0,0.01947,46E3,0.00,1.0000
Intercept,_,3,-0.02720,0.007637,46E3,-3.56,0.0004
Intercept,43,3,-0.00914,0.01401,46E3,-0.65,0.5141
Intercept,49,3,0.000412,0.01431,46E3,0.03,0.9771
Intercept,83,3,-0.01034,0.01266,46E3,-0.82,0.4141
Intercept,105,3,-0.01275,0.01558,46E3,-0.82,0.4133
Intercept,125,3,-0.02833,0.01517,46E3,-1.87,0.0619
Intercept,164,3,0.007768,0.01196,46E3,0.65,0.5160
Intercept,179,3,0.01411,0.01661,46E3,0.85,0.3955
Intercept,194,3,-0.00673,0.01661,46E3,-0.41,0.6852
Intercept,220,3,0.004157,0.01532,46E3,0.27,0.7861
Intercept,298,3,-0.01446,0.01545,46E3,-0.94,0.3491
Intercept,307,3,0.000629,0.01664,46E3,0.04,0.9699
Intercept,324,3,-0.00412,0.01686,46E3,-0.24,0.8068
Intercept,_,_,0,0.01947,46E3,0.00,1.0000
Intercept,_,_,0,0.01947,46E3,0.00,1.0000
Intercept,_,_,0,0.01947,46E3,0.00,1.0000
Intercept,_,_,0,0.01947,46E3,0.00,1.0000
Intercept,_,_,0,0.01947,46E3,0.00,1.0000
Intercept,_,_,0,0.01947,46E3,0.00,1.0000
Intercept,_,_,0,0.01947,46E3,0.00,1.0000
Intercept,_,_,0,0.01947,46E3,0.00,1.0000
Intercept,_,_,0,0.01947,46E3,0.00,1.0000
Intercept,_,_,0,0.01947,46E3,0.00,1.0000
Intercept,_,_,0,0.01947,46E3,0.00,1.0000
Intercept,_,_,0,0.01947,46E3,0.00,1.0000
Intercept,_,_,0,0.01947,46E3,0.00,1.0000
Intercept,_,_,0,0.01947,46E3,0.00,1.0000
Intercept,_,_,0,0.01947,46E3,0.00,1.0000
Intercept,_,_,0,0.01947,46E3,0.00,1.0000
Intercept,_,_,0,0.01947,46E3,0.00,1.0000
Intercept,_,_,0,0.01947,46E3,0.00,1.0000
Intercept,_,_,0,0.01947,46E3,0.00,1.0000
Intercept,_,_,0,0.01947,46E3,0.00,1.0000
Intercept,_,_,0,0.01947,46E3,0.00,1.0000
Intercept,_,_,0,0.01947,46E3,0.00,1.0000
Intercept,_,4,0.001959,0.007211,46E3,0.27,0.7858
Intercept,2,4,0.007277,0.01574,46E3,0.46,0.6438
Intercept,8,4,-0.00870,0.01539,46E3,-0.57,0.5716
Intercept,16,4,0.002719,0.01656,46E3,0.16,0.8696
Intercept,55,4,-0.00807,0.01358,46E3,-0.59,0.5524
Intercept,129,4,0.01522,0.01423,46E3,1.07,0.2850
Intercept,130,4,-0.00914,0.01454,46E3,-0.63,0.5297
Intercept,149,4,-0.01770,0.01376,46E3,-1.29,0.1985
Intercept,151,4,-0.01522,0.01240,46E3,-1.23,0.2198
Intercept,182,4,-0.00185,0.01677,46E3,-0.11,0.9120
Intercept,215,4,0.000101,0.01609,46E3,0.01,0.9950
Intercept,230,4,0.01236,0.01203,46E3,1.03,0.3041
Intercept,277,4,0.009018,0.01488,46E3,0.61,0.5443
Intercept,302,4,0.01823,0.01343,46E3,1.36,0.1748
Intercept,_,_,0,0.01947,46E3,0.00,1.0000
Intercept,_,_,0,0.01947,46E3,0.00,1.0000
Intercept,_,_,0,0.01947,46E3,0.00,1.0000
Intercept,_,_,0,0.01947,46E3,0.00,1.0000
Intercept,_,_,0,0.01947,46E3,0.00,1.0000
Intercept,_,_,0,0.01947,46E3,0.00,1.0000
Intercept,_,_,0,0.01947,46E3,0.00,1.0000
Intercept,_,_,0,0.01947,46E3,0.00,1.0000
Intercept,_,_,0,0.01947,46E3,0.00,1.0000
Intercept,_,_,0,0.01947,46E3,0.00,1.0000
Intercept,_,_,0,0.01947,46E3,0.00,1.0000
Intercept,_,_,0,0.01947,46E3,0.00,1.0000
Intercept,_,_,0,0.01947,46E3,0.00,1.0000
Intercept,_,_,0,0.01947,46E3,0.00,1.0000
Intercept,_,_,0,0.01947,46E3,0.00,1.0000
Intercept,_,_,0,0.01947,46E3,0.00,1.0000
Intercept,_,_,0,0.01947,46E3,0.00,1.0000
Intercept,_,_,0,0.01947,46E3,0.00,1.0000
Intercept,_,_,0,0.01947,46E3,0.00,1.0000
Intercept,_,_,0,0.01947,46E3,0.00,1.0000
Intercept,_,_,0,0.01947,46E3,0.00,1.0000
Intercept,_,5,0.002413,0.008000,46E3,0.30,0.7630
Intercept,4,5,0.008295,0.01383,46E3,0.60,0.5485
Intercept,92,5,0.01904,0.01684,46E3,1.13,0.2580
Intercept,95,5,-0.01618,0.01384,46E3,-1.17,0.2422
Intercept,212,5,-0.00887,0.01572,46E3,-0.56,0.5728
Intercept,223,5,0.004627,0.01627,46E3,0.28,0.7761
Intercept,227,5,-0.00342,0.01591,46E3,-0.22,0.8298
Intercept,237,5,-0.00021,0.01233,46E3,-0.02,0.9866
Intercept,256,5,-0.00888,0.01472,46E3,-0.60,0.5465
Intercept,300,5,0.009832,0.01554,46E3,0.63,0.5268
Intercept,316,5,0.000967,0.01651,46E3,0.06,0.9533
Intercept,_,_,0,0.01947,46E3,0.00,1.0000
Intercept,_,_,0,0.01947,46E3,0.00,1.0000
Intercept,_,_,0,0.01947,46E3,0.00,1.0000
Intercept,_,_,0,0.01947,46E3,0.00,1.0000
Intercept,_,_,0,0.01947,46E3,0.00,1.0000
Intercept,_,_,0,0.01947,46E3,0.00,1.0000
Intercept,_,_,0,0.01947,46E3,0.00,1.0000
Intercept,_,_,0,0.01947,46E3,0.00,1.0000
Intercept,_,_,0,0.01947,46E3,0.00,1.0000
Intercept,_,_,0,0.01947,46E3,0.00,1.0000
Intercept,_,_,0,0.01947,46E3,0.00,1.0000
Intercept,_,_,0,0.01947,46E3,0.00,1.0000
Intercept,_,_,0,0.01947,46E3,0.00,1.0000
Intercept,_,_,0,0.01947,46E3,0.00,1.0000
Intercept,_,_,0,0.01947,46E3,0.00,1.0000
Intercept,_,_,0,0.01947,46E3,0.00,1.0000
Intercept,_,_,0,0.01947,46E3,0.00,1.0000
Intercept,_,_,0,0.01947,46E3,0.00,1.0000
Intercept,_,_,0,0.01947,46E3,0.00,1.0000
Intercept,_,_,0,0.01947,46E3,0.00,1.0000
Intercept,_,_,0,0.01947,46E3,0.00,1.0000
Intercept,_,_,0,0.01947,46E3,0.00,1.0000
Intercept,_,_,0,0.01947,46E3,0.00,1.0000
Intercept,_,_,0,0.01947,46E3,0.00,1.0000
Intercept,_,6,-0.01487,0.008713,46E3,-1.71,0.0879
Intercept,12,6,-0.00944,0.01324,46E3,-0.71,0.4759
Intercept,27,6,-0.00370,0.01730,46E3,-0.21,0.8305
Intercept,112,6,-0.01254,0.01634,46E3,-0.77,0.4427
Intercept,155,6,0.004492,0.01358,46E3,0.33,0.7408
Intercept,189,6,-0.01651,0.01557,46E3,-1.06,0.2890
Intercept,205,6,0.008290,0.01399,46E3,0.59,0.5535
Intercept,318,6,-0.00272,0.01487,46E3,-0.18,0.8546
Intercept,_,_,0,0.01947,46E3,0.00,1.0000
Intercept,_,_,0,0.01947,46E3,0.00,1.0000
Intercept,_,_,0,0.01947,46E3,0.00,1.0000
Intercept,_,_,0,0.01947,46E3,0.00,1.0000
Intercept,_,_,0,0.01947,46E3,0.00,1.0000
Intercept,_,_,0,0.01947,46E3,0.00,1.0000
Intercept,_,_,0,0.01947,46E3,0.00,1.0000
Intercept,_,_,0,0.01947,46E3,0.00,1.0000
Intercept,_,_,0,0.01947,46E3,0.00,1.0000
Intercept,_,_,0,0.01947,46E3,0.00,1.0000
Intercept,_,_,0,0.01947,46E3,0.00,1.0000
Intercept,_,_,0,0.01947,46E3,0.00,1.0000
Intercept,_,_,0,0.01947,46E3,0.00,1.0000
Intercept,_,_,0,0.01947,46E3,0.00,1.0000
Intercept,_,_,0,0.01947,46E3,0.00,1.0000
Intercept,_,_,0,0.01947,46E3,0.00,1.0000
Intercept,_,_,0,0.01947,46E3,0.00,1.0000
Intercept,_,_,0,0.01947,46E3,0.00,1.0000
Intercept,_,_,0,0.01947,46E3,0.00,1.0000
Intercept,_,_,0,0.01947,46E3,0.00,1.0000
Intercept,_,_,0,0.01947,46E3,0.00,1.0000
Intercept,_,_,0,0.01947,46E3,0.00,1.0000
Intercept,_,_,0,0.01947,46E3,0.00,1.0000
Intercept,_,_,0,0.01947,46E3,0.00,1.0000
Intercept,_,_,0,0.01947,46E3,0.00,1.0000
Intercept,_,_,0,0.01947,46E3,0.00,1.0000
Intercept,_,_,0,0.01947,46E3,0.00,1.0000
Intercept,_,7,0.002338,0.006627,46E3,0.35,0.7243
Intercept,5,7,-0.01240,0.01374,46E3,-0.90,0.3668
Intercept,85,7,-0.00971,0.01189,46E3,-0.82,0.4144
Intercept,88,7,-0.01125,0.01594,46E3,-0.71,0.4804
Intercept,120,7,0.02021,0.01421,46E3,1.42,0.1551
Intercept,140,7,-0.00995,0.01276,46E3,-0.78,0.4354
Intercept,146,7,0.009695,0.01385,46E3,0.70,0.4839
Intercept,196,7,-0.00268,0.01332,46E3,-0.20,0.8407
Intercept,217,7,0.008963,0.01573,46E3,0.57,0.5689
Intercept,219,7,0.01974,0.01796,46E3,1.10,0.2717
Intercept,221,7,-0.01380,0.01800,46E3,-0.77,0.4435
Intercept,231,7,0.005965,0.01348,46E3,0.44,0.6582
Intercept,276,7,-0.00707,0.01331,46E3,-0.53,0.5954
Intercept,279,7,-0.00567,0.01559,46E3,-0.36,0.7159
Intercept,293,7,-0.02738,0.01338,46E3,-2.05,0.0407
Intercept,297,7,0.02425,0.01261,46E3,1.92,0.0545
Intercept,333,7,-0.00162,0.01730,46E3,-0.09,0.9252
Intercept,344,7,0.01776,0.01236,46E3,1.44,0.1509
Intercept,_,_,0,0.01947,46E3,0.00,1.0000
Intercept,_,_,0,0.01947,46E3,0.00,1.0000
Intercept,_,_,0,0.01947,46E3,0.00,1.0000
Intercept,_,_,0,0.01947,46E3,0.00,1.0000
Intercept,_,_,0,0.01947,46E3,0.00,1.0000
Intercept,_,_,0,0.01947,46E3,0.00,1.0000
Intercept,_,_,0,0.01947,46E3,0.00,1.0000
Intercept,_,_,0,0.01947,46E3,0.00,1.0000
Intercept,_,_,0,0.01947,46E3,0.00,1.0000
Intercept,_,_,0,0.01947,46E3,0.00,1.0000
Intercept,_,_,0,0.01947,46E3,0.00,1.0000
Intercept,_,_,0,0.01947,46E3,0.00,1.0000
Intercept,_,_,0,0.01947,46E3,0.00,1.0000
Intercept,_,_,0,0.01947,46E3,0.00,1.0000
Intercept,_,_,0,0.01947,46E3,0.00,1.0000
Intercept,_,_,0,0.01947,46E3,0.00,1.0000
Intercept,_,_,0,0.01947,46E3,0.00,1.0000
Intercept,_,8,0.002061,0.006158,46E3,0.33,0.7379
Intercept,9,8,-0.02306,0.01625,46E3,-1.42,0.1558
Intercept,10,8,-0.00867,0.01541,46E3,-0.56,0.5736
Intercept,32,8,0.003116,0.01439,46E3,0.22,0.8285
Intercept,47,8,0.02370,0.01403,46E3,1.69,0.0912
Intercept,63,8,-0.00213,0.01479,46E3,-0.14,0.8853
Intercept,93,8,0.02399,0.01641,46E3,1.46,0.1439
Intercept,94,8,-0.03169,0.01259,46E3,-2.52,0.0118
Intercept,97,8,0.002724,0.01395,46E3,0.20,0.8452
Intercept,144,8,0.008547,0.01631,46E3,0.52,0.6002
Intercept,168,8,-0.01107,0.01298,46E3,-0.85,0.3938
Intercept,172,8,0.001398,0.01454,46E3,0.10,0.9234
Intercept,176,8,0.009222,0.01733,46E3,0.53,0.5947
Intercept,178,8,0.003605,0.01614,46E3,0.22,0.8232
Intercept,226,8,-0.00225,0.01236,46E3,-0.18,0.8555
Intercept,241,8,-0.00597,0.01463,46E3,-0.41,0.6832
Intercept,245,8,0.01440,0.01592,46E3,0.90,0.3659
Intercept,257,8,0.004293,0.01351,46E3,0.32,0.7506
Intercept,260,8,-0.01131,0.01628,46E3,-0.69,0.4872
Intercept,271,8,-0.01533,0.01373,46E3,-1.12,0.2642
Intercept,294,8,0.01907,0.01703,46E3,1.12,0.2628
Intercept,303,8,0.003139,0.01402,46E3,0.22,0.8228
Intercept,327,8,0.01224,0.01479,46E3,0.83,0.4078
Intercept,335,8,-0.00714,0.01443,46E3,-0.49,0.6207
Intercept,341,8,-0.00636,0.01533,46E3,-0.42,0.6781
Intercept,_,_,0,0.01947,46E3,0.00,1.0000
Intercept,_,_,0,0.01947,46E3,0.00,1.0000
Intercept,_,_,0,0.01947,46E3,0.00,1.0000
Intercept,_,_,0,0.01947,46E3,0.00,1.0000
Intercept,_,_,0,0.01947,46E3,0.00,1.0000
Intercept,_,_,0,0.01947,46E3,0.00,1.0000
Intercept,_,_,0,0.01947,46E3,0.00,1.0000
Intercept,_,_,0,0.01947,46E3,0.00,1.0000
Intercept,_,_,0,0.01947,46E3,0.00,1.0000
Intercept,_,_,0,0.01947,46E3,0.00,1.0000
Intercept,_,9,-0.00457,0.007117,46E3,-0.64,0.5212
Intercept,33,9,-0.01109,0.01711,46E3,-0.65,0.5171
Intercept,34,9,0.01744,0.01810,46E3,0.96,0.3353
Intercept,36,9,-0.01245,0.01331,46E3,-0.94,0.3496
Intercept,41,9,-0.00374,0.01522,46E3,-0.25,0.8060
Intercept,42,9,0.006005,0.01760,46E3,0.34,0.7330
Intercept,50,9,0.01459,0.01577,46E3,0.93,0.3548
Intercept,61,9,0.01727,0.01583,46E3,1.09,0.2752
Intercept,64,9,-0.01000,0.01569,46E3,-0.64,0.5239
Intercept,115,9,-0.00045,0.01778,46E3,-0.03,0.9797
Intercept,121,9,-0.01140,0.01619,46E3,-0.70,0.4814
Intercept,136,9,0.009813,0.01692,46E3,0.58,0.5619
Intercept,143,9,-0.01718,0.01711,46E3,-1.00,0.3154
Intercept,153,9,0.005959,0.01543,46E3,0.39,0.6993
Intercept,163,9,0.001943,0.01731,46E3,0.11,0.9106
Intercept,197,9,0.004939,0.01673,46E3,0.30,0.7679
Intercept,225,9,-0.00965,0.01671,46E3,-0.58,0.5637
Intercept,246,9,0.01141,0.01533,46E3,0.74,0.4568
Intercept,269,9,0.001814,0.01782,46E3,0.10,0.9189
Intercept,280,9,-0.01545,0.01208,46E3,-1.28,0.2008
Intercept,317,9,-0.00965,0.01677,46E3,-0.58,0.5648
Intercept,_,_,0,0.01947,46E3,0.00,1.0000
Intercept,_,_,0,0.01947,46E3,0.00,1.0000
Intercept,_,_,0,0.01947,46E3,0.00,1.0000
Intercept,_,_,0,0.01947,46E3,0.00,1.0000
Intercept,_,_,0,0.01947,46E3,0.00,1.0000
Intercept,_,_,0,0.01947,46E3,0.00,1.0000
Intercept,_,_,0,0.01947,46E3,0.00,1.0000
Intercept,_,_,0,0.01947,46E3,0.00,1.0000
Intercept,_,_,0,0.01947,46E3,0.00,1.0000
Intercept,_,_,0,0.01947,46E3,0.00,1.0000
Intercept,_,_,0,0.01947,46E3,0.00,1.0000
Intercept,_,_,0,0.01947,46E3,0.00,1.0000
Intercept,_,_,0,0.01947,46E3,0.00,1.0000
Intercept,_,_,0,0.01947,46E3,0.00,1.0000
Intercept,_,10,0.009805,0.01090,46E3,0.90,0.3684
Intercept,52,10,-0.01541,0.01713,46E3,-0.90,0.3684
Intercept,181,10,0.02557,0.01730,46E3,1.48,0.1394
Intercept,281,10,-0.00434,0.01525,46E3,-0.28,0.7760
Intercept,329,10,0.01537,0.01819,46E3,0.84,0.3981
Intercept,_,_,0,0.01947,46E3,0.00,1.0000
Intercept,_,_,0,0.01947,46E3,0.00,1.0000
Intercept,_,_,0,0.01947,46E3,0.00,1.0000
Intercept,_,_,0,0.01947,46E3,0.00,1.0000
Intercept,_,_,0,0.01947,46E3,0.00,1.0000
Intercept,_,_,0,0.01947,46E3,0.00,1.0000
Intercept,_,_,0,0.01947,46E3,0.00,1.0000
Intercept,_,_,0,0.01947,46E3,0.00,1.0000
Intercept,_,_,0,0.01947,46E3,0.00,1.0000
Intercept,_,_,0,0.01947,46E3,0.00,1.0000
Intercept,_,_,0,0.01947,46E3,0.00,1.0000
Intercept,_,_,0,0.01947,46E3,0.00,1.0000
Intercept,_,_,0,0.01947,46E3,0.00,1.0000
Intercept,_,_,0,0.01947,46E3,0.00,1.0000
Intercept,_,_,0,0.01947,46E3,0.00,1.0000
Intercept,_,_,0,0.01947,46E3,0.00,1.0000
Intercept,_,_,0,0.01947,46E3,0.00,1.0000
Intercept,_,_,0,0.01947,46E3,0.00,1.0000
Intercept,_,_,0,0.01947,46E3,0.00,1.0000
Intercept,_,_,0,0.01947,46E3,0.00,1.0000
Intercept,_,_,0,0.01947,46E3,0.00,1.0000
Intercept,_,_,0,0.01947,46E3,0.00,1.0000
Intercept,_,_,0,0.01947,46E3,0.00,1.0000
Intercept,_,_,0,0.01947,46E3,0.00,1.0000
Intercept,_,_,0,0.01947,46E3,0.00,1.0000
Intercept,_,_,0,0.01947,46E3,0.00,1.0000
Intercept,_,_,0,0.01947,46E3,0.00,1.0000
Intercept,_,_,0,0.01947,46E3,0.00,1.0000
Intercept,_,_,0,0.01947,46E3,0.00,1.0000
Intercept,_,_,0,0.01947,46E3,0.00,1.0000
Intercept,_,11,-0.00464,0.007298,46E3,-0.64,0.5248
Intercept,21,11,0.006915,0.01445,46E3,0.48,0.6322
Intercept,23,11,0.007757,0.01525,46E3,0.51,0.6110
Intercept,78,11,-0.00899,0.01259,46E3,-0.71,0.4754
Intercept,81,11,-0.00387,0.01369,46E3,-0.28,0.7773
Intercept,84,11,-0.01764,0.01270,46E3,-1.39,0.1650
Intercept,128,11,-0.01435,0.01299,46E3,-1.10,0.2694
Intercept,187,11,-0.00308,0.01502,46E3,-0.20,0.8377
Intercept,206,11,-0.00064,0.01614,46E3,-0.04,0.9682
Intercept,255,11,0.01411,0.01416,46E3,1.00,0.3192
Intercept,258,11,0.01108,0.01362,46E3,0.81,0.4156
Intercept,296,11,-0.00133,0.01227,46E3,-0.11,0.9138
Intercept,_,_,0,0.01947,46E3,0.00,1.0000
Intercept,_,_,0,0.01947,46E3,0.00,1.0000
Intercept,_,_,0,0.01947,46E3,0.00,1.0000
Intercept,_,_,0,0.01947,46E3,0.00,1.0000
Intercept,_,_,0,0.01947,46E3,0.00,1.0000
Intercept,_,_,0,0.01947,46E3,0.00,1.0000
Intercept,_,_,0,0.01947,46E3,0.00,1.0000
Intercept,_,_,0,0.01947,46E3,0.00,1.0000
Intercept,_,_,0,0.01947,46E3,0.00,1.0000
Intercept,_,_,0,0.01947,46E3,0.00,1.0000
Intercept,_,_,0,0.01947,46E3,0.00,1.0000
Intercept,_,_,0,0.01947,46E3,0.00,1.0000
Intercept,_,_,0,0.01947,46E3,0.00,1.0000
Intercept,_,_,0,0.01947,46E3,0.00,1.0000
Intercept,_,_,0,0.01947,46E3,0.00,1.0000
Intercept,_,_,0,0.01947,46E3,0.00,1.0000
Intercept,_,_,0,0.01947,46E3,0.00,1.0000
Intercept,_,_,0,0.01947,46E3,0.00,1.0000
Intercept,_,_,0,0.01947,46E3,0.00,1.0000
Intercept,_,_,0,0.01947,46E3,0.00,1.0000
Intercept,_,_,0,0.01947,46E3,0.00,1.0000
Intercept,_,_,0,0.01947,46E3,0.00,1.0000
Intercept,_,_,0,0.01947,46E3,0.00,1.0000
Intercept,_,12,0.01111,0.009187,46E3,1.21,0.2266
Intercept,11,12,-0.00515,0.01345,46E3,-0.38,0.7020
Intercept,22,12,0.001447,0.01799,46E3,0.08,0.9359
Intercept,133,12,-0.01192,0.01544,46E3,-0.77,0.4398
Intercept,243,12,0.01947,0.01592,46E3,1.22,0.2215
Intercept,283,12,0.005602,0.01363,46E3,0.41,0.6810
Intercept,328,12,0.01456,0.01553,46E3,0.94,0.3484
Intercept,_,_,0,0.01947,46E3,0.00,1.0000
Intercept,_,_,0,0.01947,46E3,0.00,1.0000
Intercept,_,_,0,0.01947,46E3,0.00,1.0000
Intercept,_,_,0,0.01947,46E3,0.00,1.0000
Intercept,_,_,0,0.01947,46E3,0.00,1.0000
Intercept,_,_,0,0.01947,46E3,0.00,1.0000
Intercept,_,_,0,0.01947,46E3,0.00,1.0000
Intercept,_,_,0,0.01947,46E3,0.00,1.0000
Intercept,_,_,0,0.01947,46E3,0.00,1.0000
Intercept,_,_,0,0.01947,46E3,0.00,1.0000
Intercept,_,_,0,0.01947,46E3,0.00,1.0000
Intercept,_,_,0,0.01947,46E3,0.00,1.0000
Intercept,_,_,0,0.01947,46E3,0.00,1.0000
Intercept,_,_,0,0.01947,46E3,0.00,1.0000
Intercept,_,_,0,0.01947,46E3,0.00,1.0000
Intercept,_,_,0,0.01947,46E3,0.00,1.0000
Intercept,_,_,0,0.01947,46E3,0.00,1.0000
Intercept,_,_,0,0.01947,46E3,0.00,1.0000
Intercept,_,_,0,0.01947,46E3,0.00,1.0000
Intercept,_,_,0,0.01947,46E3,0.00,1.0000
Intercept,_,_,0,0.01947,46E3,0.00,1.0000
Intercept,_,_,0,0.01947,46E3,0.00,1.0000
Intercept,_,_,0,0.01947,46E3,0.00,1.0000
Intercept,_,_,0,0.01947,46E3,0.00,1.0000
Intercept,_,_,0,0.01947,46E3,0.00,1.0000
Intercept,_,_,0,0.01947,46E3,0.00,1.0000
Intercept,_,_,0,0.01947,46E3,0.00,1.0000
Intercept,_,_,0,0.01947,46E3,0.00,1.0000
Intercept,_,13,-0.01635,0.008685,46E3,-1.88,0.0598
Intercept,6,13,0.002433,0.01634,46E3,0.15,0.8816
Intercept,24,13,0.007015,0.01802,46E3,0.39,0.6971
Intercept,26,13,-0.01043,0.01619,46E3,-0.64,0.5196
Intercept,90,13,-0.01657,0.01731,46E3,-0.96,0.3382
Intercept,126,13,0.002461,0.01727,46E3,0.14,0.8867
Intercept,145,13,0.006145,0.01718,46E3,0.36,0.7207
Intercept,147,13,0.006225,0.01593,46E3,0.39,0.6961
Intercept,150,13,-0.02795,0.01394,46E3,-2.01,0.0449
Intercept,154,13,0.003792,0.01433,46E3,0.26,0.7913
Intercept,275,13,-0.00845,0.01715,46E3,-0.49,0.6223
Intercept,_,_,0,0.01947,46E3,0.00,1.0000
Intercept,_,_,0,0.01947,46E3,0.00,1.0000
Intercept,_,_,0,0.01947,46E3,0.00,1.0000
Intercept,_,_,0,0.01947,46E3,0.00,1.0000
Intercept,_,_,0,0.01947,46E3,0.00,1.0000
Intercept,_,_,0,0.01947,46E3,0.00,1.0000
Intercept,_,_,0,0.01947,46E3,0.00,1.0000
Intercept,_,_,0,0.01947,46E3,0.00,1.0000
Intercept,_,_,0,0.01947,46E3,0.00,1.0000
Intercept,_,_,0,0.01947,46E3,0.00,1.0000
Intercept,_,_,0,0.01947,46E3,0.00,1.0000
Intercept,_,_,0,0.01947,46E3,0.00,1.0000
Intercept,_,_,0,0.01947,46E3,0.00,1.0000
Intercept,_,_,0,0.01947,46E3,0.00,1.0000
Intercept,_,_,0,0.01947,46E3,0.00,1.0000
Intercept,_,_,0,0.01947,46E3,0.00,1.0000
Intercept,_,_,0,0.01947,46E3,0.00,1.0000
Intercept,_,_,0,0.01947,46E3,0.00,1.0000
Intercept,_,_,0,0.01947,46E3,0.00,1.0000
Intercept,_,_,0,0.01947,46E3,0.00,1.0000
Intercept,_,_,0,0.01947,46E3,0.00,1.0000
Intercept,_,_,0,0.01947,46E3,0.00,1.0000
Intercept,_,_,0,0.01947,46E3,0.00,1.0000
Intercept,_,_,0,0.01947,46E3,0.00,1.0000
Intercept,_,14,0.01202,0.005924,46E3,2.03,0.0425
Intercept,7,14,-0.00782,0.01229,46E3,-0.64,0.5243
Intercept,13,14,-0.01147,0.01252,46E3,-0.92,0.3596
Intercept,20,14,-0.00196,0.01393,46E3,-0.14,0.8880
Intercept,35,14,-0.00571,0.01297,46E3,-0.44,0.6601
Intercept,40,14,0.008671,0.01254,46E3,0.69,0.4892
Intercept,71,14,-0.00839,0.01090,46E3,-0.77,0.4415
Intercept,119,14,0.01777,0.01322,46E3,1.34,0.1791
Intercept,202,14,0.01470,0.01288,46E3,1.14,0.2537
Intercept,236,14,-0.01797,0.01252,46E3,-1.43,0.1514
Intercept,238,14,-0.00493,0.01253,46E3,-0.39,0.6939
Intercept,248,14,0.01957,0.01349,46E3,1.45,0.1470
Intercept,250,14,0.02563,0.01533,46E3,1.67,0.0945
Intercept,278,14,0.01183,0.01420,46E3,0.83,0.4046
Intercept,284,14,-0.00083,0.01733,46E3,-0.05,0.9618
Intercept,295,14,0.000974,0.01127,46E3,0.09,0.9311
Intercept,299,14,-0.01710,0.01328,46E3,-1.29,0.1979
Intercept,312,14,-0.01431,0.01137,46E3,-1.26,0.2083
Intercept,325,14,0.003128,0.01150,46E3,0.27,0.7856
Intercept,342,14,0.003819,0.01346,46E3,0.28,0.7766
Intercept,343,14,0.01036,0.01354,46E3,0.77,0.4442
Intercept,_,_,0,0.01947,46E3,0.00,1.0000
Intercept,_,_,0,0.01947,46E3,0.00,1.0000
Intercept,_,_,0,0.01947,46E3,0.00,1.0000
Intercept,_,_,0,0.01947,46E3,0.00,1.0000
Intercept,_,_,0,0.01947,46E3,0.00,1.0000
Intercept,_,_,0,0.01947,46E3,0.00,1.0000
Intercept,_,_,0,0.01947,46E3,0.00,1.0000
Intercept,_,_,0,0.01947,46E3,0.00,1.0000
Intercept,_,_,0,0.01947,46E3,0.00,1.0000
Intercept,_,_,0,0.01947,46E3,0.00,1.0000
Intercept,_,_,0,0.01947,46E3,0.00,1.0000
Intercept,_,_,0,0.01947,46E3,0.00,1.0000
Intercept,_,_,0,0.01947,46E3,0.00,1.0000
Intercept,_,_,0,0.01947,46E3,0.00,1.0000
Intercept,_,15,0.007542,0.007784,46E3,0.97,0.3326
Intercept,37,15,-0.01746,0.01508,46E3,-1.16,0.2468
Intercept,91,15,0.004174,0.01377,46E3,0.30,0.7618
Intercept,123,15,0.02353,0.01334,46E3,1.76,0.0778
Intercept,152,15,0.002093,0.01330,46E3,0.16,0.8750
Intercept,162,15,0.01081,0.01249,46E3,0.87,0.3868
Intercept,235,15,-0.00529,0.01255,46E3,-0.42,0.6737
Intercept,268,15,0.000558,0.01326,46E3,0.04,0.9664
Intercept,306,15,-0.00212,0.01255,46E3,-0.17,0.8657
Intercept,_,_,0,0.01947,46E3,0.00,1.0000
Intercept,_,_,0,0.01947,46E3,0.00,1.0000
Intercept,_,_,0,0.01947,46E3,0.00,1.0000
Intercept,_,_,0,0.01947,46E3,0.00,1.0000
Intercept,_,_,0,0.01947,46E3,0.00,1.0000
Intercept,_,_,0,0.01947,46E3,0.00,1.0000
Intercept,_,_,0,0.01947,46E3,0.00,1.0000
Intercept,_,_,0,0.01947,46E3,0.00,1.0000
Intercept,_,_,0,0.01947,46E3,0.00,1.0000
Intercept,_,_,0,0.01947,46E3,0.00,1.0000
Intercept,_,_,0,0.01947,46E3,0.00,1.0000
Intercept,_,_,0,0.01947,46E3,0.00,1.0000
Intercept,_,_,0,0.01947,46E3,0.00,1.0000
Intercept,_,_,0,0.01947,46E3,0.00,1.0000
Intercept,_,_,0,0.01947,46E3,0.00,1.0000
Intercept,_,_,0,0.01947,46E3,0.00,1.0000
Intercept,_,_,0,0.01947,46E3,0.00,1.0000
Intercept,_,_,0,0.01947,46E3,0.00,1.0000
Intercept,_,_,0,0.01947,46E3,0.00,1.0000
Intercept,_,_,0,0.01947,46E3,0.00,1.0000
Intercept,_,_,0,0.01947,46E3,0.00,1.0000
Intercept,_,_,0,0.01947,46E3,0.00,1.0000
Intercept,_,_,0,0.01947,46E3,0.00,1.0000
Intercept,_,_,0,0.01947,46E3,0.00,1.0000
Intercept,_,_,0,0.01947,46E3,0.00,1.0000
Intercept,_,_,0,0.01947,46E3,0.00,1.0000
Intercept,_,16,0.002130,0.008462,46E3,0.25,0.8012
Intercept,67,16,0.008684,0.01264,46E3,0.69,0.4922
Intercept,86,16,0.007247,0.01344,46E3,0.54,0.5897
Intercept,87,16,-0.00844,0.01338,46E3,-0.63,0.5280
Intercept,139,16,-0.00496,0.01448,46E3,-0.34,0.7321
Intercept,228,16,-0.00007,0.01399,46E3,-0.01,0.9959
Intercept,252,16,0.002147,0.01373,46E3,0.16,0.8757
Intercept,_,_,0,0.01947,46E3,0.00,1.0000
Intercept,_,_,0,0.01947,46E3,0.00,1.0000
Intercept,_,_,0,0.01947,46E3,0.00,1.0000
Intercept,_,_,0,0.01947,46E3,0.00,1.0000
Intercept,_,_,0,0.01947,46E3,0.00,1.0000
Intercept,_,_,0,0.01947,46E3,0.00,1.0000
Intercept,_,_,0,0.01947,46E3,0.00,1.0000
Intercept,_,_,0,0.01947,46E3,0.00,1.0000
Intercept,_,_,0,0.01947,46E3,0.00,1.0000
Intercept,_,_,0,0.01947,46E3,0.00,1.0000
Intercept,_,_,0,0.01947,46E3,0.00,1.0000
Intercept,_,_,0,0.01947,46E3,0.00,1.0000
Intercept,_,_,0,0.01947,46E3,0.00,1.0000
Intercept,_,_,0,0.01947,46E3,0.00,1.0000
Intercept,_,_,0,0.01947,46E3,0.00,1.0000
Intercept,_,_,0,0.01947,46E3,0.00,1.0000
Intercept,_,_,0,0.01947,46E3,0.00,1.0000
Intercept,_,_,0,0.01947,46E3,0.00,1.0000
Intercept,_,_,0,0.01947,46E3,0.00,1.0000
Intercept,_,_,0,0.01947,46E3,0.00,1.0000
Intercept,_,_,0,0.01947,46E3,0.00,1.0000
Intercept,_,_,0,0.01947,46E3,0.00,1.0000
Intercept,_,_,0,0.01947,46E3,0.00,1.0000
Intercept,_,_,0,0.01947,46E3,0.00,1.0000
Intercept,_,_,0,0.01947,46E3,0.00,1.0000
Intercept,_,_,0,0.01947,46E3,0.00,1.0000
Intercept,_,_,0,0.01947,46E3,0.00,1.0000
Intercept,_,_,0,0.01947,46E3,0.00,1.0000
Intercept,_,17,-0.00287,0.008417,46E3,-0.34,0.7336
Intercept,76,17,0.004319,0.01526,46E3,0.28,0.7772
Intercept,108,17,0.005430,0.01468,46E3,0.37,0.7114
Intercept,111,17,-0.00306,0.01432,46E3,-0.21,0.8307
Intercept,157,17,-0.01773,0.01494,46E3,-1.19,0.2351
Intercept,207,17,-0.01165,0.01373,46E3,-0.85,0.3961
Intercept,211,17,-0.00551,0.01361,46E3,-0.41,0.6853
Intercept,234,17,0.02202,0.01395,46E3,1.58,0.1145
Intercept,_,_,0,0.01947,46E3,0.00,1.0000
Intercept,_,_,0,0.01947,46E3,0.00,1.0000
Intercept,_,_,0,0.01947,46E3,0.00,1.0000
Intercept,_,_,0,0.01947,46E3,0.00,1.0000
Intercept,_,_,0,0.01947,46E3,0.00,1.0000
Intercept,_,_,0,0.01947,46E3,0.00,1.0000
Intercept,_,_,0,0.01947,46E3,0.00,1.0000
Intercept,_,_,0,0.01947,46E3,0.00,1.0000
Intercept,_,_,0,0.01947,46E3,0.00,1.0000
Intercept,_,_,0,0.01947,46E3,0.00,1.0000
Intercept,_,_,0,0.01947,46E3,0.00,1.0000
Intercept,_,_,0,0.01947,46E3,0.00,1.0000
Intercept,_,_,0,0.01947,46E3,0.00,1.0000
Intercept,_,_,0,0.01947,46E3,0.00,1.0000
Intercept,_,_,0,0.01947,46E3,0.00,1.0000
Intercept,_,_,0,0.01947,46E3,0.00,1.0000
Intercept,_,_,0,0.01947,46E3,0.00,1.0000
Intercept,_,_,0,0.01947,46E3,0.00,1.0000
Intercept,_,_,0,0.01947,46E3,0.00,1.0000
Intercept,_,_,0,0.01947,46E3,0.00,1.0000
Intercept,_,_,0,0.01947,46E3,0.00,1.0000
Intercept,_,_,0,0.01947,46E3,0.00,1.0000
Intercept,_,_,0,0.01947,46E3,0.00,1.0000
Intercept,_,_,0,0.01947,46E3,0.00,1.0000
Intercept,_,_,0,0.01947,46E3,0.00,1.0000
Intercept,_,_,0,0.01947,46E3,0.00,1.0000
Intercept,_,_,0,0.01947,46E3,0.00,1.0000
Intercept,_,18,-0.00708,0.008580,46E3,-0.82,0.4094
Intercept,38,18,0.000067,0.01394,46E3,0.00,0.9962
Intercept,69,18,-0.00969,0.01707,46E3,-0.57,0.5702
Intercept,103,18,0.002152,0.01314,46E3,0.16,0.8699
Intercept,239,18,-0.00447,0.01297,46E3,-0.34,0.7302
Intercept,262,18,0.003252,0.01278,46E3,0.25,0.7991
Intercept,263,18,-0.00024,0.01588,46E3,-0.02,0.9880
Intercept,337,18,-0.00636,0.01427,46E3,-0.45,0.6556
Intercept,_,_,0,0.01947,46E3,0.00,1.0000
Intercept,_,_,0,0.01947,46E3,0.00,1.0000
Intercept,_,_,0,0.01947,46E3,0.00,1.0000
Intercept,_,_,0,0.01947,46E3,0.00,1.0000
Intercept,_,_,0,0.01947,46E3,0.00,1.0000
Intercept,_,_,0,0.01947,46E3,0.00,1.0000
Intercept,_,_,0,0.01947,46E3,0.00,1.0000
Intercept,_,_,0,0.01947,46E3,0.00,1.0000
Intercept,_,_,0,0.01947,46E3,0.00,1.0000
Intercept,_,_,0,0.01947,46E3,0.00,1.0000
Intercept,_,_,0,0.01947,46E3,0.00,1.0000
Intercept,_,_,0,0.01947,46E3,0.00,1.0000
Intercept,_,_,0,0.01947,46E3,0.00,1.0000
Intercept,_,_,0,0.01947,46E3,0.00,1.0000
Intercept,_,_,0,0.01947,46E3,0.00,1.0000
Intercept,_,_,0,0.01947,46E3,0.00,1.0000
Intercept,_,_,0,0.01947,46E3,0.00,1.0000
Intercept,_,_,0,0.01947,46E3,0.00,1.0000
Intercept,_,_,0,0.01947,46E3,0.00,1.0000
Intercept,_,_,0,0.01947,46E3,0.00,1.0000
Intercept,_,_,0,0.01947,46E3,0.00,1.0000
Intercept,_,_,0,0.01947,46E3,0.00,1.0000
Intercept,_,_,0,0.01947,46E3,0.00,1.0000
Intercept,_,_,0,0.01947,46E3,0.00,1.0000
Intercept,_,_,0,0.01947,46E3,0.00,1.0000
Intercept,_,_,0,0.01947,46E3,0.00,1.0000
Intercept,_,_,0,0.01947,46E3,0.00,1.0000
Intercept,_,19,0.01092,0.007689,46E3,1.42,0.1557
Intercept,19,19,0.008116,0.01613,46E3,0.50,0.6148
Intercept,45,19,0.01308,0.01343,46E3,0.97,0.3301
Intercept,60,19,0.02687,0.01622,46E3,1.66,0.0976
Intercept,65,19,0.006686,0.01530,46E3,0.44,0.6622
Intercept,75,19,0.02593,0.01200,46E3,2.16,0.0308
Intercept,100,19,-0.00755,0.01613,46E3,-0.47,0.6399
Intercept,158,19,-0.00697,0.01682,46E3,-0.41,0.6786
Intercept,186,19,-0.01035,0.01521,46E3,-0.68,0.4963
Intercept,208,19,-0.00418,0.01261,46E3,-0.33,0.7404
Intercept,218,19,-0.00784,0.01418,46E3,-0.55,0.5803
Intercept,247,19,-0.02020,0.01586,46E3,-1.27,0.2027
Intercept,_,_,0,0.01947,46E3,0.00,1.0000
Intercept,_,_,0,0.01947,46E3,0.00,1.0000
Intercept,_,_,0,0.01947,46E3,0.00,1.0000
Intercept,_,_,0,0.01947,46E3,0.00,1.0000
Intercept,_,_,0,0.01947,46E3,0.00,1.0000
Intercept,_,_,0,0.01947,46E3,0.00,1.0000
Intercept,_,_,0,0.01947,46E3,0.00,1.0000
Intercept,_,_,0,0.01947,46E3,0.00,1.0000
Intercept,_,_,0,0.01947,46E3,0.00,1.0000
Intercept,_,_,0,0.01947,46E3,0.00,1.0000
Intercept,_,_,0,0.01947,46E3,0.00,1.0000
Intercept,_,_,0,0.01947,46E3,0.00,1.0000
Intercept,_,_,0,0.01947,46E3,0.00,1.0000
Intercept,_,_,0,0.01947,46E3,0.00,1.0000
Intercept,_,_,0,0.01947,46E3,0.00,1.0000
Intercept,_,_,0,0.01947,46E3,0.00,1.0000
Intercept,_,_,0,0.01947,46E3,0.00,1.0000
Intercept,_,_,0,0.01947,46E3,0.00,1.0000
Intercept,_,_,0,0.01947,46E3,0.00,1.0000
Intercept,_,_,0,0.01947,46E3,0.00,1.0000
Intercept,_,_,0,0.01947,46E3,0.00,1.0000
Intercept,_,_,0,0.01947,46E3,0.00,1.0000
Intercept,_,_,0,0.01947,46E3,0.00,1.0000
Intercept,_,20,0.007187,0.005773,46E3,1.24,0.2132
Intercept,14,20,-0.00895,0.01461,46E3,-0.61,0.5400
Intercept,39,20,0.008883,0.01440,46E3,0.62,0.5373
Intercept,56,20,0.005341,0.01829,46E3,0.29,0.7703
Intercept,57,20,0.02841,0.01494,46E3,1.90,0.0572
Intercept,58,20,0.01278,0.01669,46E3,0.77,0.4437
Intercept,62,20,-0.00751,0.01453,46E3,-0.52,0.6051
Intercept,66,20,-0.00174,0.01720,46E3,-0.10,0.9194
Intercept,80,20,0.000792,0.01708,46E3,0.05,0.9630
Intercept,99,20,-0.01411,0.01357,46E3,-1.04,0.2984
Intercept,102,20,0.01580,0.01575,46E3,1.00,0.3157
Intercept,107,20,-0.01273,0.01513,46E3,-0.84,0.4000
Intercept,110,20,0.02559,0.01441,46E3,1.78,0.0757
Intercept,113,20,-0.00922,0.01392,46E3,-0.66,0.5076
Intercept,148,20,-0.00301,0.01370,46E3,-0.22,0.8262
Intercept,156,20,0.001273,0.01517,46E3,0.08,0.9331
Intercept,161,20,0.006561,0.01489,46E3,0.44,0.6594
Intercept,165,20,-0.00156,0.01395,46E3,-0.11,0.9108
Intercept,174,20,0.004237,0.01704,46E3,0.25,0.8036
Intercept,185,20,-0.00765,0.01686,46E3,-0.45,0.6498
Intercept,204,20,-0.00227,0.01548,46E3,-0.15,0.8835
Intercept,213,20,-0.00314,0.01543,46E3,-0.20,0.8387
Intercept,244,20,-0.01111,0.01507,46E3,-0.74,0.4609
Intercept,249,20,0.01140,0.01669,46E3,0.68,0.4945
Intercept,264,20,0.02732,0.01732,46E3,1.58,0.1147
Intercept,265,20,-0.01736,0.01637,46E3,-1.06,0.2887
Intercept,273,20,-0.00722,0.01370,46E3,-0.53,0.5985
Intercept,274,20,0.009512,0.01426,46E3,0.67,0.5048
Intercept,286,20,-0.00450,0.01737,46E3,-0.26,0.7958
Intercept,290,20,-0.01069,0.01552,46E3,-0.69,0.4909
Intercept,305,20,-0.02132,0.01499,46E3,-1.42,0.1550
Intercept,314,20,0.005938,0.01551,46E3,0.38,0.7018
Intercept,320,20,0.000326,0.01820,46E3,0.02,0.9857
Intercept,323,20,-0.00881,0.01477,46E3,-0.60,0.5511
Intercept,336,20,0.004259,0.01644,46E3,0.26,0.7956
Intercept,_,21,0.001344,0.007919,46E3,0.17,0.8652
Intercept,29,21,-0.00464,0.01249,46E3,-0.37,0.7102
Intercept,104,21,-0.02441,0.01344,46E3,-1.82,0.0693
Intercept,124,21,0.01582,0.01352,46E3,1.17,0.2421
Intercept,131,21,-0.00866,0.01243,46E3,-0.70,0.4859
Intercept,180,21,0.01311,0.01363,46E3,0.96,0.3361
Intercept,304,21,-0.02832,0.01339,46E3,-2.12,0.0344
Intercept,311,21,0.005730,0.01627,46E3,0.35,0.7246
Intercept,315,21,0.03427,0.01509,46E3,2.27,0.0232
Intercept,_,_,0,0.01947,46E3,0.00,1.0000
Intercept,_,_,0,0.01947,46E3,0.00,1.0000
Intercept,_,_,0,0.01947,46E3,0.00,1.0000
Intercept,_,_,0,0.01947,46E3,0.00,1.0000
Intercept,_,_,0,0.01947,46E3,0.00,1.0000
Intercept,_,_,0,0.01947,46E3,0.00,1.0000
Intercept,_,_,0,0.01947,46E3,0.00,1.0000
Intercept,_,_,0,0.01947,46E3,0.00,1.0000
Intercept,_,_,0,0.01947,46E3,0.00,1.0000
Intercept,_,_,0,0.01947,46E3,0.00,1.0000
Intercept,_,_,0,0.01947,46E3,0.00,1.0000
Intercept,_,_,0,0.01947,46E3,0.00,1.0000
Intercept,_,_,0,0.01947,46E3,0.00,1.0000
Intercept,_,_,0,0.01947,46E3,0.00,1.0000
Intercept,_,_,0,0.01947,46E3,0.00,1.0000
Intercept,_,_,0,0.01947,46E3,0.00,1.0000
Intercept,_,_,0,0.01947,46E3,0.00,1.0000
Intercept,_,_,0,0.01947,46E3,0.00,1.0000
Intercept,_,_,0,0.01947,46E3,0.00,1.0000
Intercept,_,_,0,0.01947,46E3,0.00,1.0000
Intercept,_,_,0,0.01947,46E3,0.00,1.0000
Intercept,_,_,0,0.01947,46E3,0.00,1.0000
Intercept,_,_,0,0.01947,46E3,0.00,1.0000
Intercept,_,_,0,0.01947,46E3,0.00,1.0000
Intercept,_,_,0,0.01947,46E3,0.00,1.0000
Intercept,_,_,0,0.01947,46E3,0.00,1.0000
Intercept,_,22,0.01652,0.006229,46E3,2.65,0.0080
Intercept,0,22,-0.01907,0.01393,46E3,-1.37,0.1710
Intercept,15,22,-0.00634,0.01517,46E3,-0.42,0.6762
Intercept,18,22,0.01398,0.01465,46E3,0.95,0.3400
Intercept,28,22,-0.00331,0.01290,46E3,-0.26,0.7977
Intercept,46,22,0.008706,0.01515,46E3,0.57,0.5656
Intercept,96,22,0.007610,0.01428,46E3,0.53,0.5940
Intercept,98,22,-0.02063,0.01709,46E3,-1.21,0.2272
Intercept,106,22,0.001241,0.01549,46E3,0.08,0.9361
Intercept,135,22,-0.01301,0.01427,46E3,-0.91,0.3619
Intercept,138,22,0.009083,0.01596,46E3,0.57,0.5692
Intercept,141,22,0.02174,0.01810,46E3,1.20,0.2297
Intercept,184,22,-0.01739,0.01393,46E3,-1.25,0.2120
Intercept,190,22,0.01356,0.01595,46E3,0.85,0.3955
Intercept,199,22,-0.00741,0.01508,46E3,-0.49,0.6231
Intercept,201,22,0.01606,0.01519,46E3,1.06,0.2903
Intercept,216,22,-0.00298,0.01602,46E3,-0.19,0.8526
Intercept,232,22,0.01477,0.01781,46E3,0.83,0.4070
Intercept,254,22,0.009230,0.01279,46E3,0.72,0.4704
Intercept,292,22,0.01664,0.01490,46E3,1.12,0.2642
Intercept,301,22,0.01222,0.01526,46E3,0.80,0.4231
Intercept,309,22,0.003979,0.01689,46E3,0.24,0.8137
Intercept,310,22,0.009757,0.01746,46E3,0.56,0.5763
Intercept,321,22,-0.00908,0.01340,46E3,-0.68,0.4979
Intercept,326,22,-0.02367,0.01096,46E3,-2.16,0.0308
Intercept,_,_,0,0.01947,46E3,0.00,1.0000
Intercept,_,_,0,0.01947,46E3,0.00,1.0000
Intercept,_,_,0,0.01947,46E3,0.00,1.0000
Intercept,_,_,0,0.01947,46E3,0.00,1.0000
Intercept,_,_,0,0.01947,46E3,0.00,1.0000
Intercept,_,_,0,0.01947,46E3,0.00,1.0000
Intercept,_,_,0,0.01947,46E3,0.00,1.0000
Intercept,_,_,0,0.01947,46E3,0.00,1.0000
Intercept,_,_,0,0.01947,46E3,0.00,1.0000
Intercept,_,_,0,0.01947,46E3,0.00,1.0000
Intercept,_,23,0.009467,0.008125,46E3,1.17,0.2440
Intercept,1,23,0.001598,0.01322,46E3,0.12,0.9038
Intercept,59,23,0.002182,0.01346,46E3,0.16,0.8712
Intercept,74,23,0.02538,0.01356,46E3,1.87,0.0612
Intercept,101,23,0.02502,0.01595,46E3,1.57,0.1168
Intercept,116,23,0.01384,0.01576,46E3,0.88,0.3796
Intercept,122,23,0.006595,0.01766,46E3,0.37,0.7088
Intercept,142,23,-0.02381,0.01518,46E3,-1.57,0.1168
Intercept,170,23,-0.00916,0.01467,46E3,-0.62,0.5325
Intercept,261,23,-0.02120,0.01493,46E3,-1.42,0.1557
Intercept,_,_,0,0.01947,46E3,0.00,1.0000
Intercept,_,_,0,0.01947,46E3,0.00,1.0000
Intercept,_,_,0,0.01947,46E3,0.00,1.0000
Intercept,_,_,0,0.01947,46E3,0.00,1.0000
Intercept,_,_,0,0.01947,46E3,0.00,1.0000
Intercept,_,_,0,0.01947,46E3,0.00,1.0000
Intercept,_,_,0,0.01947,46E3,0.00,1.0000
Intercept,_,_,0,0.01947,46E3,0.00,1.0000
Intercept,_,_,0,0.01947,46E3,0.00,1.0000
Intercept,_,_,0,0.01947,46E3,0.00,1.0000
Intercept,_,_,0,0.01947,46E3,0.00,1.0000
Intercept,_,_,0,0.01947,46E3,0.00,1.0000
Intercept,_,_,0,0.01947,46E3,0.00,1.0000
Intercept,_,_,0,0.01947,46E3,0.00,1.0000
Intercept,_,_,0,0.01947,46E3,0.00,1.0000
Intercept,_,_,0,0.01947,46E3,0.00,1.0000
Intercept,_,_,0,0.01947,46E3,0.00,1.0000
Intercept,_,_,0,0.01947,46E3,0.00,1.0000
Intercept,_,_,0,0.01947,46E3,0.00,1.0000
Intercept,_,_,0,0.01947,46E3,0.00,1.0000
Intercept,_,_,0,0.01947,46E3,0.00,1.0000
Intercept,_,_,0,0.01947,46E3,0.00,1.0000
Intercept,_,_,0,0.01947,46E3,0.00,1.0000
Intercept,_,_,0,0.01947,46E3,0.00,1.0000
Intercept,_,_,0,0.01947,46E3,0.00,1.0000
Intercept,_,24,0.01240,0.008435,46E3,1.47,0.1416
Intercept,53,24,0.007889,0.01576,46E3,0.50,0.6166
Intercept,109,24,-0.01564,0.01417,46E3,-1.10,0.2696
Intercept,114,24,-0.01018,0.01532,46E3,-0.66,0.5062
Intercept,233,24,-0.01313,0.01470,46E3,-0.89,0.3718
Intercept,242,24,0.003510,0.01615,46E3,0.22,0.8279
Intercept,251,24,0.01462,0.01612,46E3,0.91,0.3642
Intercept,272,24,0.01689,0.01392,46E3,1.21,0.2250
Intercept,319,24,0.02283,0.01460,46E3,1.56,0.1180
Intercept,_,_,0,0.01947,46E3,0.00,1.0000
Intercept,_,_,0,0.01947,46E3,0.00,1.0000
Intercept,_,_,0,0.01947,46E3,0.00,1.0000
Intercept,_,_,0,0.01947,46E3,0.00,1.0000
Intercept,_,_,0,0.01947,46E3,0.00,1.0000
Intercept,_,_,0,0.01947,46E3,0.00,1.0000
Intercept,_,_,0,0.01947,46E3,0.00,1.0000
Intercept,_,_,0,0.01947,46E3,0.00,1.0000
Intercept,_,_,0,0.01947,46E3,0.00,1.0000
Intercept,_,_,0,0.01947,46E3,0.00,1.0000
Intercept,_,_,0,0.01947,46E3,0.00,1.0000
Intercept,_,_,0,0.01947,46E3,0.00,1.0000
Intercept,_,_,0,0.01947,46E3,0.00,1.0000
Intercept,_,_,0,0.01947,46E3,0.00,1.0000
Intercept,_,_,0,0.01947,46E3,0.00,1.0000
Intercept,_,_,0,0.01947,46E3,0.00,1.0000
Intercept,_,_,0,0.01947,46E3,0.00,1.0000
Intercept,_,_,0,0.01947,46E3,0.00,1.0000
Intercept,_,_,0,0.01947,46E3,0.00,1.0000
Intercept,_,_,0,0.01947,46E3,0.00,1.0000
Intercept,_,_,0,0.01947,46E3,0.00,1.0000
Intercept,_,_,0,0.01947,46E3,0.00,1.0000
Intercept,_,_,0,0.01947,46E3,0.00,1.0000
Intercept,_,_,0,0.01947,46E3,0.00,1.0000
Intercept,_,_,0,0.01947,46E3,0.00,1.0000
Intercept,_,_,0,0.01947,46E3,0.00,1.0000
