Effect,id,topic,Estimate,StdErrPred,DF,tValue,Probt
Intercept,_,0,-0.01402,0.006370,49E3,-2.20,0.0277
Intercept,3,0,-0.01228,0.01720,49E3,-0.71,0.4751
Intercept,25,0,0.004860,0.01375,49E3,0.35,0.7238
Intercept,31,0,0.004499,0.01627,49E3,0.28,0.7821
Intercept,48,0,-0.00519,0.01441,49E3,-0.36,0.7185
Intercept,51,0,0.01784,0.01393,49E3,1.28,0.2003
Intercept,68,0,-0.02198,0.01338,49E3,-1.64,0.1003
Intercept,72,0,0.01402,0.01516,49E3,0.92,0.3552
Intercept,117,0,-0.00592,0.01379,49E3,-0.43,0.6675
Intercept,118,0,-0.00567,0.01796,49E3,-0.32,0.7525
Intercept,132,0,-0.00080,0.01647,49E3,-0.05,0.9614
Intercept,134,0,-0.00093,0.01172,49E3,-0.08,0.9370
Intercept,177,0,-0.01603,0.01437,49E3,-1.12,0.2647
Intercept,198,0,0.01177,0.01938,49E3,0.61,0.5437
Intercept,222,0,0.008535,0.01887,49E3,0.45,0.6510
Intercept,224,0,0.01178,0.01379,49E3,0.85,0.3930
Intercept,282,0,0.007342,0.01539,49E3,0.48,0.6333
Intercept,287,0,-0.00691,0.01926,49E3,-0.36,0.7196
Intercept,322,0,-0.02489,0.01372,49E3,-1.81,0.0696
Intercept,332,0,-0.02756,0.01810,49E3,-1.52,0.1279
Intercept,338,0,0.003150,0.01400,49E3,0.22,0.8220
Intercept,_,_,0,0.02110,49E3,0.00,1.0000
Intercept,_,_,0,0.02110,49E3,0.00,1.0000
Intercept,_,_,0,0.02110,49E3,0.00,1.0000
Intercept,_,_,0,0.02110,49E3,0.00,1.0000
Intercept,_,_,0,0.02110,49E3,0.00,1.0000
Intercept,_,_,0,0.02110,49E3,0.00,1.0000
Intercept,_,_,0,0.02110,49E3,0.00,1.0000
Intercept,_,_,0,0.02110,49E3,0.00,1.0000
Intercept,_,_,0,0.02110,49E3,0.00,1.0000
Intercept,_,_,0,0.02110,49E3,0.00,1.0000
Intercept,_,_,0,0.02110,49E3,0.00,1.0000
Intercept,_,_,0,0.02110,49E3,0.00,1.0000
Intercept,_,_,0,0.02110,49E3,0.00,1.0000
Intercept,_,_,0,0.02110,49E3,0.00,1.0000
Intercept,_,_,0,0.02110,49E3,0.00,1.0000
Intercept,_,1,-0.00467,0.006394,49E3,-0.73,0.4650
Intercept,44,1,0.002650,0.01572,49E3,0.17,0.8662
Intercept,54,1,-0.01665,0.01340,49E3,-1.24,0.2140
Intercept,82,1,-0.00979,0.01720,49E3,-0.57,0.5691
Intercept,89,1,-0.00750,0.01308,49E3,-0.57,0.5663
Intercept,173,1,0.02109,0.01122,49E3,1.88,0.0602
Intercept,188,1,0.01251,0.01744,49E3,0.72,0.4731
Intercept,192,1,-0.00343,0.01675,49E3,-0.21,0.8375
Intercept,200,1,0.001400,0.01129,49E3,0.12,0.9014
Intercept,209,1,0.01072,0.01179,49E3,0.91,0.3634
Intercept,210,1,0.003468,0.01234,49E3,0.28,0.7787
Intercept,214,1,-0.00050,0.01881,49E3,-0.03,0.9789
Intercept,229,1,-0.01147,0.01431,49E3,-0.80,0.4230
Intercept,240,1,0.000353,0.01287,49E3,0.03,0.9781
Intercept,288,1,0.02721,0.01201,49E3,2.27,0.0235
Intercept,291,1,-0.00928,0.01467,49E3,-0.63,0.5269
Intercept,313,1,-0.03558,0.01123,49E3,-3.17,0.0015
Intercept,_,_,0,0.02110,49E3,0.00,1.0000
Intercept,_,_,0,0.02110,49E3,0.00,1.0000
Intercept,_,_,0,0.02110,49E3,0.00,1.0000
Intercept,_,_,0,0.02110,49E3,0.00,1.0000
Intercept,_,_,0,0.02110,49E3,0.00,1.0000
Intercept,_,_,0,0.02110,49E3,0.00,1.0000
Intercept,_,_,0,0.02110,49E3,0.00,1.0000
Intercept,_,_,0,0.02110,49E3,0.00,1.0000
Intercept,_,_,0,0.02110,49E3,0.00,1.0000
Intercept,_,_,0,0.02110,49E3,0.00,1.0000
Intercept,_,_,0,0.02110,49E3,0.00,1.0000
Intercept,_,_,0,0.02110,49E3,0.00,1.0000
Intercept,_,_,0,0.02110,49E3,0.00,1.0000
Intercept,_,_,0,0.02110,49E3,0.00,1.0000
Intercept,_,_,0,0.02110,49E3,0.00,1.0000
Intercept,_,_,0,0.02110,49E3,0.00,1.0000
Intercept,_,_,0,0.02110,49E3,0.00,1.0000
Intercept,_,_,0,0.02110,49E3,0.00,1.0000
Intercept,_,_,0,0.02110,49E3,0.00,1.0000
Intercept,_,2,-0.01144,0.007611,49E3,-1.50,0.1327
Intercept,70,2,0.004339,0.01730,49E3,0.25,0.8020
Intercept,127,2,-0.03178,0.01356,49E3,-2.34,0.0191
Intercept,137,2,-0.00064,0.01605,49E3,-0.04,0.9683
Intercept,159,2,-0.02083,0.01440,49E3,-1.45,0.1481
Intercept,171,2,0.01534,0.01406,49E3,1.09,0.2754
Intercept,183,2,0.004571,0.01814,49E3,0.25,0.8011
Intercept,193,2,0.006450,0.01588,49E3,0.41,0.6846
Intercept,195,2,-0.00863,0.01257,49E3,-0.69,0.4921
Intercept,266,2,0.002062,0.01922,49E3,0.11,0.9146
Intercept,270,2,-0.00400,0.01796,49E3,-0.22,0.8237
Intercept,339,2,-0.00311,0.01557,49E3,-0.20,0.8419
Intercept,_,_,0,0.02110,49E3,0.00,1.0000
Intercept,_,_,0,0.02110,49E3,0.00,1.0000
Intercept,_,_,0,0.02110,49E3,0.00,1.0000
Intercept,_,_,0,0.02110,49E3,0.00,1.0000
Intercept,_,_,0,0.02110,49E3,0.00,1.0000
Intercept,_,_,0,0.02110,49E3,0.00,1.0000
Intercept,_,_,0,0.02110,49E3,0.00,1.0000
Intercept,_,_,0,0.02110,49E3,0.00,1.0000
Intercept,_,_,0,0.02110,49E3,0.00,1.0000
Intercept,_,_,0,0.02110,49E3,0.00,1.0000
Intercept,_,_,0,0.02110,49E3,0.00,1.0000
Intercept,_,_,0,0.02110,49E3,0.00,1.0000
Intercept,_,_,0,0.02110,49E3,0.00,1.0000
Intercept,_,_,0,0.02110,49E3,0.00,1.0000
Intercept,_,_,0,0.02110,49E3,0.00,1.0000
Intercept,_,_,0,0.02110,49E3,0.00,1.0000
Intercept,_,_,0,0.02110,49E3,0.00,1.0000
Intercept,_,_,0,0.02110,49E3,0.00,1.0000
Intercept,_,_,0,0.02110,49E3,0.00,1.0000
Intercept,_,_,0,0.02110,49E3,0.00,1.0000
Intercept,_,_,0,0.02110,49E3,0.00,1.0000
Intercept,_,_,0,0.02110,49E3,0.00,1.0000
Intercept,_,_,0,0.02110,49E3,0.00,1.0000
Intercept,_,_,0,0.02110,49E3,0.00,1.0000
Intercept,_,3,-0.02162,0.007416,49E3,-2.92,0.0036
Intercept,43,3,-0.01059,0.01455,49E3,-0.73,0.4665
Intercept,49,3,-0.00026,0.01489,49E3,-0.02,0.9860
Intercept,83,3,-0.01137,0.01304,49E3,-0.87,0.3832
Intercept,105,3,-0.01432,0.01636,49E3,-0.88,0.3813
Intercept,125,3,-0.03183,0.01589,49E3,-2.00,0.0452
Intercept,164,3,0.006799,0.01226,49E3,0.55,0.5793
Intercept,179,3,0.01561,0.01757,49E3,0.89,0.3742
Intercept,194,3,-0.00722,0.01757,49E3,-0.41,0.6813
Intercept,220,3,0.004629,0.01606,49E3,0.29,0.7731
Intercept,298,3,-0.01575,0.01620,49E3,-0.97,0.3310
Intercept,307,3,0.000715,0.01761,49E3,0.04,0.9676
Intercept,324,3,-0.00486,0.01787,49E3,-0.27,0.7854
Intercept,_,_,0,0.02110,49E3,0.00,1.0000
Intercept,_,_,0,0.02110,49E3,0.00,1.0000
Intercept,_,_,0,0.02110,49E3,0.00,1.0000
Intercept,_,_,0,0.02110,49E3,0.00,1.0000
Intercept,_,_,0,0.02110,49E3,0.00,1.0000
Intercept,_,_,0,0.02110,49E3,0.00,1.0000
Intercept,_,_,0,0.02110,49E3,0.00,1.0000
Intercept,_,_,0,0.02110,49E3,0.00,1.0000
Intercept,_,_,0,0.02110,49E3,0.00,1.0000
Intercept,_,_,0,0.02110,49E3,0.00,1.0000
Intercept,_,_,0,0.02110,49E3,0.00,1.0000
Intercept,_,_,0,0.02110,49E3,0.00,1.0000
Intercept,_,_,0,0.02110,49E3,0.00,1.0000
Intercept,_,_,0,0.02110,49E3,0.00,1.0000
Intercept,_,_,0,0.02110,49E3,0.00,1.0000
Intercept,_,_,0,0.02110,49E3,0.00,1.0000
Intercept,_,_,0,0.02110,49E3,0.00,1.0000
Intercept,_,_,0,0.02110,49E3,0.00,1.0000
Intercept,_,_,0,0.02110,49E3,0.00,1.0000
Intercept,_,_,0,0.02110,49E3,0.00,1.0000
Intercept,_,_,0,0.02110,49E3,0.00,1.0000
Intercept,_,_,0,0.02110,49E3,0.00,1.0000
Intercept,_,_,0,0.02110,49E3,0.00,1.0000
Intercept,_,4,0.000193,0.007060,49E3,0.03,0.9782
Intercept,2,4,0.01173,0.01652,49E3,0.71,0.4778
Intercept,8,4,-0.00863,0.01614,49E3,-0.53,0.5928
Intercept,16,4,0.005001,0.01751,49E3,0.29,0.7752
Intercept,55,4,-0.00922,0.01408,49E3,-0.66,0.5123
Intercept,129,4,0.02084,0.01477,49E3,1.41,0.1582
Intercept,130,4,-0.01173,0.01515,49E3,-0.77,0.4390
Intercept,149,4,-0.01692,0.01428,49E3,-1.19,0.2359
Intercept,151,4,-0.02179,0.01268,49E3,-1.72,0.0858
Intercept,182,4,-0.00237,0.01777,49E3,-0.13,0.8938
Intercept,215,4,-0.00332,0.01693,49E3,-0.20,0.8446
Intercept,230,4,0.003873,0.01212,49E3,0.32,0.7493
Intercept,277,4,0.009766,0.01555,49E3,0.63,0.5300
Intercept,302,4,0.02338,0.01388,49E3,1.69,0.0920
Intercept,_,_,0,0.02110,49E3,0.00,1.0000
Intercept,_,_,0,0.02110,49E3,0.00,1.0000
Intercept,_,_,0,0.02110,49E3,0.00,1.0000
Intercept,_,_,0,0.02110,49E3,0.00,1.0000
Intercept,_,_,0,0.02110,49E3,0.00,1.0000
Intercept,_,_,0,0.02110,49E3,0.00,1.0000
Intercept,_,_,0,0.02110,49E3,0.00,1.0000
Intercept,_,_,0,0.02110,49E3,0.00,1.0000
Intercept,_,_,0,0.02110,49E3,0.00,1.0000
Intercept,_,_,0,0.02110,49E3,0.00,1.0000
Intercept,_,_,0,0.02110,49E3,0.00,1.0000
Intercept,_,_,0,0.02110,49E3,0.00,1.0000
Intercept,_,_,0,0.02110,49E3,0.00,1.0000
Intercept,_,_,0,0.02110,49E3,0.00,1.0000
Intercept,_,_,0,0.02110,49E3,0.00,1.0000
Intercept,_,_,0,0.02110,49E3,0.00,1.0000
Intercept,_,_,0,0.02110,49E3,0.00,1.0000
Intercept,_,_,0,0.02110,49E3,0.00,1.0000
Intercept,_,_,0,0.02110,49E3,0.00,1.0000
Intercept,_,_,0,0.02110,49E3,0.00,1.0000
Intercept,_,_,0,0.02110,49E3,0.00,1.0000
Intercept,_,_,0,0.02110,49E3,0.00,1.0000
Intercept,_,5,0.003333,0.007683,49E3,0.43,0.6644
Intercept,4,5,0.01191,0.01429,49E3,0.83,0.4047
Intercept,92,5,0.02263,0.01784,49E3,1.27,0.2045
Intercept,95,5,-0.01481,0.01431,49E3,-1.04,0.3005
Intercept,166,5,0.002289,0.01868,49E3,0.12,0.9025
Intercept,212,5,-0.01145,0.01651,49E3,-0.69,0.4878
Intercept,223,5,0.006012,0.01716,49E3,0.35,0.7260
Intercept,227,5,-0.00220,0.01673,49E3,-0.13,0.8955
Intercept,237,5,0.000457,0.01262,49E3,0.04,0.9711
Intercept,256,5,-0.01113,0.01533,49E3,-0.73,0.4681
Intercept,300,5,0.009572,0.01629,49E3,0.59,0.5568
Intercept,316,5,-0.00273,0.01742,49E3,-0.16,0.8756
Intercept,_,_,0,0.02110,49E3,0.00,1.0000
Intercept,_,_,0,0.02110,49E3,0.00,1.0000
Intercept,_,_,0,0.02110,49E3,0.00,1.0000
Intercept,_,_,0,0.02110,49E3,0.00,1.0000
Intercept,_,_,0,0.02110,49E3,0.00,1.0000
Intercept,_,_,0,0.02110,49E3,0.00,1.0000
Intercept,_,_,0,0.02110,49E3,0.00,1.0000
Intercept,_,_,0,0.02110,49E3,0.00,1.0000
Intercept,_,_,0,0.02110,49E3,0.00,1.0000
Intercept,_,_,0,0.02110,49E3,0.00,1.0000
Intercept,_,_,0,0.02110,49E3,0.00,1.0000
Intercept,_,_,0,0.02110,49E3,0.00,1.0000
Intercept,_,_,0,0.02110,49E3,0.00,1.0000
Intercept,_,_,0,0.02110,49E3,0.00,1.0000
Intercept,_,_,0,0.02110,49E3,0.00,1.0000
Intercept,_,_,0,0.02110,49E3,0.00,1.0000
Intercept,_,_,0,0.02110,49E3,0.00,1.0000
Intercept,_,_,0,0.02110,49E3,0.00,1.0000
Intercept,_,_,0,0.02110,49E3,0.00,1.0000
Intercept,_,_,0,0.02110,49E3,0.00,1.0000
Intercept,_,_,0,0.02110,49E3,0.00,1.0000
Intercept,_,_,0,0.02110,49E3,0.00,1.0000
Intercept,_,_,0,0.02110,49E3,0.00,1.0000
Intercept,_,_,0,0.02110,49E3,0.00,1.0000
Intercept,_,6,-0.01064,0.008390,49E3,-1.27,0.2049
Intercept,12,6,-0.00760,0.01361,49E3,-0.56,0.5763
Intercept,27,6,-0.00376,0.01840,49E3,-0.20,0.8382
Intercept,112,6,-0.01431,0.01724,49E3,-0.83,0.4067
Intercept,155,6,0.005285,0.01402,49E3,0.38,0.7062
Intercept,189,6,-0.01794,0.01633,49E3,-1.10,0.2720
Intercept,205,6,0.008955,0.01450,49E3,0.62,0.5367
Intercept,318,6,-0.00430,0.01551,49E3,-0.28,0.7817
Intercept,_,_,0,0.02110,49E3,0.00,1.0000
Intercept,_,_,0,0.02110,49E3,0.00,1.0000
Intercept,_,_,0,0.02110,49E3,0.00,1.0000
Intercept,_,_,0,0.02110,49E3,0.00,1.0000
Intercept,_,_,0,0.02110,49E3,0.00,1.0000
Intercept,_,_,0,0.02110,49E3,0.00,1.0000
Intercept,_,_,0,0.02110,49E3,0.00,1.0000
Intercept,_,_,0,0.02110,49E3,0.00,1.0000
Intercept,_,_,0,0.02110,49E3,0.00,1.0000
Intercept,_,_,0,0.02110,49E3,0.00,1.0000
Intercept,_,_,0,0.02110,49E3,0.00,1.0000
Intercept,_,_,0,0.02110,49E3,0.00,1.0000
Intercept,_,_,0,0.02110,49E3,0.00,1.0000
Intercept,_,_,0,0.02110,49E3,0.00,1.0000
Intercept,_,_,0,0.02110,49E3,0.00,1.0000
Intercept,_,_,0,0.02110,49E3,0.00,1.0000
Intercept,_,_,0,0.02110,49E3,0.00,1.0000
Intercept,_,_,0,0.02110,49E3,0.00,1.0000
Intercept,_,_,0,0.02110,49E3,0.00,1.0000
Intercept,_,_,0,0.02110,49E3,0.00,1.0000
Intercept,_,_,0,0.02110,49E3,0.00,1.0000
Intercept,_,_,0,0.02110,49E3,0.00,1.0000
Intercept,_,_,0,0.02110,49E3,0.00,1.0000
Intercept,_,_,0,0.02110,49E3,0.00,1.0000
Intercept,_,_,0,0.02110,49E3,0.00,1.0000
Intercept,_,_,0,0.02110,49E3,0.00,1.0000
Intercept,_,_,0,0.02110,49E3,0.00,1.0000
Intercept,_,_,0,0.02110,49E3,0.00,1.0000
Intercept,_,7,0.001476,0.006415,49E3,0.23,0.8180
Intercept,5,7,-0.01537,0.01422,49E3,-1.08,0.2798
Intercept,85,7,-0.00582,0.01217,49E3,-0.48,0.6326
Intercept,88,7,-0.01078,0.01678,49E3,-0.64,0.5206
Intercept,120,7,0.02272,0.01478,49E3,1.54,0.1244
Intercept,140,7,-0.00692,0.01314,49E3,-0.53,0.5983
Intercept,146,7,0.01411,0.01436,49E3,0.98,0.3258
Intercept,196,7,-0.00161,0.01378,49E3,-0.12,0.9071
Intercept,217,7,0.01151,0.01654,49E3,0.70,0.4864
Intercept,219,7,0.02363,0.01920,49E3,1.23,0.2185
Intercept,221,7,-0.01474,0.01926,49E3,-0.77,0.4441
Intercept,231,7,0.004734,0.01394,49E3,0.34,0.7341
Intercept,276,7,-0.00364,0.01374,49E3,-0.27,0.7909
Intercept,279,7,-0.00454,0.01637,49E3,-0.28,0.7815
Intercept,293,7,-0.03903,0.01353,49E3,-2.88,0.0039
Intercept,297,7,0.02950,0.01297,49E3,2.27,0.0229
Intercept,331,7,-0.02152,0.01452,49E3,-1.48,0.1385
Intercept,333,7,-0.00148,0.01840,49E3,-0.08,0.9360
Intercept,344,7,0.02391,0.01267,49E3,1.89,0.0592
Intercept,_,_,0,0.02110,49E3,0.00,1.0000
Intercept,_,_,0,0.02110,49E3,0.00,1.0000
Intercept,_,_,0,0.02110,49E3,0.00,1.0000
Intercept,_,_,0,0.02110,49E3,0.00,1.0000
Intercept,_,_,0,0.02110,49E3,0.00,1.0000
Intercept,_,_,0,0.02110,49E3,0.00,1.0000
Intercept,_,_,0,0.02110,49E3,0.00,1.0000
Intercept,_,_,0,0.02110,49E3,0.00,1.0000
Intercept,_,_,0,0.02110,49E3,0.00,1.0000
Intercept,_,_,0,0.02110,49E3,0.00,1.0000
Intercept,_,_,0,0.02110,49E3,0.00,1.0000
Intercept,_,_,0,0.02110,49E3,0.00,1.0000
Intercept,_,_,0,0.02110,49E3,0.00,1.0000
Intercept,_,_,0,0.02110,49E3,0.00,1.0000
Intercept,_,_,0,0.02110,49E3,0.00,1.0000
Intercept,_,_,0,0.02110,49E3,0.00,1.0000
Intercept,_,_,0,0.02110,49E3,0.00,1.0000
Intercept,_,8,-0.00193,0.005921,49E3,-0.33,0.7441
Intercept,9,8,-0.02319,0.01714,49E3,-1.35,0.1759
Intercept,10,8,-0.00892,0.01617,49E3,-0.55,0.5810
Intercept,32,8,0.005503,0.01498,49E3,0.37,0.7134
Intercept,47,8,0.01351,0.01418,49E3,0.95,0.3407
Intercept,63,8,0.001376,0.01542,49E3,0.09,0.9289
Intercept,93,8,0.02862,0.01734,49E3,1.65,0.0988
Intercept,94,8,-0.02910,0.01294,49E3,-2.25,0.0245
Intercept,97,8,0.004057,0.01449,49E3,0.28,0.7795
Intercept,144,8,0.009734,0.01721,49E3,0.57,0.5718
Intercept,168,8,-0.01903,0.01322,49E3,-1.44,0.1501
Intercept,172,8,0.005998,0.01513,49E3,0.40,0.6918
Intercept,176,8,0.009027,0.01844,49E3,0.49,0.6244
Intercept,178,8,0.005005,0.01702,49E3,0.29,0.7687
Intercept,191,8,0.002762,0.01706,49E3,0.16,0.8713
Intercept,226,8,0.002765,0.01266,49E3,0.22,0.8272
Intercept,241,8,-0.00627,0.01526,49E3,-0.41,0.6812
Intercept,245,8,0.01881,0.01675,49E3,1.12,0.2614
Intercept,257,8,0.003622,0.01398,49E3,0.26,0.7956
Intercept,260,8,-0.01100,0.01717,49E3,-0.64,0.5219
Intercept,271,8,-0.01589,0.01424,49E3,-1.12,0.2643
Intercept,294,8,0.01788,0.01804,49E3,0.99,0.3217
Intercept,303,8,0.005811,0.01456,49E3,0.40,0.6898
Intercept,327,8,0.01901,0.01540,49E3,1.23,0.2170
Intercept,330,8,-0.02768,0.01738,49E3,-1.59,0.1112
Intercept,335,8,-0.00842,0.01503,49E3,-0.56,0.5754
Intercept,341,8,-0.01010,0.01604,49E3,-0.63,0.5291
Intercept,_,_,0,0.02110,49E3,0.00,1.0000
Intercept,_,_,0,0.02110,49E3,0.00,1.0000
Intercept,_,_,0,0.02110,49E3,0.00,1.0000
Intercept,_,_,0,0.02110,49E3,0.00,1.0000
Intercept,_,_,0,0.02110,49E3,0.00,1.0000
Intercept,_,_,0,0.02110,49E3,0.00,1.0000
Intercept,_,_,0,0.02110,49E3,0.00,1.0000
Intercept,_,_,0,0.02110,49E3,0.00,1.0000
Intercept,_,_,0,0.02110,49E3,0.00,1.0000
Intercept,_,9,-0.00379,0.006837,49E3,-0.55,0.5795
Intercept,33,9,-0.01076,0.01817,49E3,-0.59,0.5536
Intercept,34,9,0.02061,0.01938,49E3,1.06,0.2878
Intercept,36,9,-0.01135,0.01373,49E3,-0.83,0.4085
Intercept,41,9,-0.00173,0.01591,49E3,-0.11,0.9132
Intercept,42,9,0.005561,0.01877,49E3,0.30,0.7670
Intercept,50,9,0.01780,0.01657,49E3,1.07,0.2826
Intercept,61,9,0.01741,0.01664,49E3,1.05,0.2954
Intercept,64,9,-0.01592,0.01643,49E3,-0.97,0.3326
Intercept,115,9,0.000454,0.01898,49E3,0.02,0.9809
Intercept,121,9,-0.01504,0.01707,49E3,-0.88,0.3781
Intercept,136,9,0.009345,0.01793,49E3,0.52,0.6023
Intercept,143,9,-0.01852,0.01817,49E3,-1.02,0.3079
Intercept,153,9,0.009391,0.01615,49E3,0.58,0.5609
Intercept,160,9,0.005292,0.01667,49E3,0.32,0.7509
Intercept,163,9,0.003205,0.01841,49E3,0.17,0.8618
Intercept,197,9,0.006786,0.01771,49E3,0.38,0.7017
Intercept,225,9,-0.01451,0.01767,49E3,-0.82,0.4117
Intercept,246,9,0.01043,0.01606,49E3,0.65,0.5161
Intercept,269,9,0.002852,0.01904,49E3,0.15,0.8809
Intercept,280,9,-0.02363,0.01224,49E3,-1.93,0.0535
Intercept,317,9,-0.00965,0.01776,49E3,-0.54,0.5869
Intercept,_,_,0,0.02110,49E3,0.00,1.0000
Intercept,_,_,0,0.02110,49E3,0.00,1.0000
Intercept,_,_,0,0.02110,49E3,0.00,1.0000
Intercept,_,_,0,0.02110,49E3,0.00,1.0000
Intercept,_,_,0,0.02110,49E3,0.00,1.0000
Intercept,_,_,0,0.02110,49E3,0.00,1.0000
Intercept,_,_,0,0.02110,49E3,0.00,1.0000
Intercept,_,_,0,0.02110,49E3,0.00,1.0000
Intercept,_,_,0,0.02110,49E3,0.00,1.0000
Intercept,_,_,0,0.02110,49E3,0.00,1.0000
Intercept,_,_,0,0.02110,49E3,0.00,1.0000
Intercept,_,_,0,0.02110,49E3,0.00,1.0000
Intercept,_,_,0,0.02110,49E3,0.00,1.0000
Intercept,_,_,0,0.02110,49E3,0.00,1.0000
Intercept,_,10,0.005722,0.009885,49E3,0.58,0.5627
Intercept,52,10,-0.01787,0.01815,49E3,-0.98,0.3249
Intercept,167,10,-0.01320,0.01846,49E3,-0.72,0.4745
Intercept,181,10,0.02983,0.01837,49E3,1.62,0.1043
Intercept,281,10,0.000346,0.01580,49E3,0.02,0.9825
Intercept,329,10,0.01900,0.01948,49E3,0.98,0.3293
Intercept,_,_,0,0.02110,49E3,0.00,1.0000
Intercept,_,_,0,0.02110,49E3,0.00,1.0000
Intercept,_,_,0,0.02110,49E3,0.00,1.0000
Intercept,_,_,0,0.02110,49E3,0.00,1.0000
Intercept,_,_,0,0.02110,49E3,0.00,1.0000
Intercept,_,_,0,0.02110,49E3,0.00,1.0000
Intercept,_,_,0,0.02110,49E3,0.00,1.0000
Intercept,_,_,0,0.02110,49E3,0.00,1.0000
Intercept,_,_,0,0.02110,49E3,0.00,1.0000
Intercept,_,_,0,0.02110,49E3,0.00,1.0000
Intercept,_,_,0,0.02110,49E3,0.00,1.0000
Intercept,_,_,0,0.02110,49E3,0.00,1.0000
Intercept,_,_,0,0.02110,49E3,0.00,1.0000
Intercept,_,_,0,0.02110,49E3,0.00,1.0000
Intercept,_,_,0,0.02110,49E3,0.00,1.0000
Intercept,_,_,0,0.02110,49E3,0.00,1.0000
Intercept,_,_,0,0.02110,49E3,0.00,1.0000
Intercept,_,_,0,0.02110,49E3,0.00,1.0000
Intercept,_,_,0,0.02110,49E3,0.00,1.0000
Intercept,_,_,0,0.02110,49E3,0.00,1.0000
Intercept,_,_,0,0.02110,49E3,0.00,1.0000
Intercept,_,_,0,0.02110,49E3,0.00,1.0000
Intercept,_,_,0,0.02110,49E3,0.00,1.0000
Intercept,_,_,0,0.02110,49E3,0.00,1.0000
Intercept,_,_,0,0.02110,49E3,0.00,1.0000
Intercept,_,_,0,0.02110,49E3,0.00,1.0000
Intercept,_,_,0,0.02110,49E3,0.00,1.0000
Intercept,_,_,0,0.02110,49E3,0.00,1.0000
Intercept,_,_,0,0.02110,49E3,0.00,1.0000
Intercept,_,_,0,0.02110,49E3,0.00,1.0000
Intercept,_,11,-0.00466,0.007170,49E3,-0.65,0.5155
Intercept,21,11,0.005610,0.01505,49E3,0.37,0.7094
Intercept,23,11,0.01047,0.01597,49E3,0.66,0.5122
Intercept,78,11,-0.01197,0.01297,49E3,-0.92,0.3558
Intercept,81,11,-0.00343,0.01421,49E3,-0.24,0.8090
Intercept,84,11,-0.02033,0.01310,49E3,-1.55,0.1207
Intercept,128,11,-0.02176,0.01332,49E3,-1.63,0.1025
Intercept,187,11,-0.00088,0.01569,49E3,-0.06,0.9555
Intercept,206,11,0.000850,0.01701,49E3,0.05,0.9601
Intercept,255,11,0.01865,0.01471,49E3,1.27,0.2046
Intercept,258,11,0.007673,0.01408,49E3,0.54,0.5859
Intercept,296,11,0.000357,0.01261,49E3,0.03,0.9774
Intercept,_,_,0,0.02110,49E3,0.00,1.0000
Intercept,_,_,0,0.02110,49E3,0.00,1.0000
Intercept,_,_,0,0.02110,49E3,0.00,1.0000
Intercept,_,_,0,0.02110,49E3,0.00,1.0000
Intercept,_,_,0,0.02110,49E3,0.00,1.0000
Intercept,_,_,0,0.02110,49E3,0.00,1.0000
Intercept,_,_,0,0.02110,49E3,0.00,1.0000
Intercept,_,_,0,0.02110,49E3,0.00,1.0000
Intercept,_,_,0,0.02110,49E3,0.00,1.0000
Intercept,_,_,0,0.02110,49E3,0.00,1.0000
Intercept,_,_,0,0.02110,49E3,0.00,1.0000
Intercept,_,_,0,0.02110,49E3,0.00,1.0000
Intercept,_,_,0,0.02110,49E3,0.00,1.0000
Intercept,_,_,0,0.02110,49E3,0.00,1.0000
Intercept,_,_,0,0.02110,49E3,0.00,1.0000
Intercept,_,_,0,0.02110,49E3,0.00,1.0000
Intercept,_,_,0,0.02110,49E3,0.00,1.0000
Intercept,_,_,0,0.02110,49E3,0.00,1.0000
Intercept,_,_,0,0.02110,49E3,0.00,1.0000
Intercept,_,_,0,0.02110,49E3,0.00,1.0000
Intercept,_,_,0,0.02110,49E3,0.00,1.0000
Intercept,_,_,0,0.02110,49E3,0.00,1.0000
Intercept,_,_,0,0.02110,49E3,0.00,1.0000
Intercept,_,_,0,0.02110,49E3,0.00,1.0000
Intercept,_,12,0.01162,0.008800,49E3,1.32,0.1867
Intercept,11,12,-0.00269,0.01384,49E3,-0.19,0.8460
Intercept,22,12,0.002627,0.01924,49E3,0.14,0.8914
Intercept,133,12,-0.01057,0.01616,49E3,-0.65,0.5132
Intercept,243,12,0.02404,0.01673,49E3,1.44,0.1509
Intercept,283,12,0.004624,0.01404,49E3,0.33,0.7419
Intercept,328,12,0.01874,0.01627,49E3,1.15,0.2492
Intercept,_,_,0,0.02110,49E3,0.00,1.0000
Intercept,_,_,0,0.02110,49E3,0.00,1.0000
Intercept,_,_,0,0.02110,49E3,0.00,1.0000
Intercept,_,_,0,0.02110,49E3,0.00,1.0000
Intercept,_,_,0,0.02110,49E3,0.00,1.0000
Intercept,_,_,0,0.02110,49E3,0.00,1.0000
Intercept,_,_,0,0.02110,49E3,0.00,1.0000
Intercept,_,_,0,0.02110,49E3,0.00,1.0000
Intercept,_,_,0,0.02110,49E3,0.00,1.0000
Intercept,_,_,0,0.02110,49E3,0.00,1.0000
Intercept,_,_,0,0.02110,49E3,0.00,1.0000
Intercept,_,_,0,0.02110,49E3,0.00,1.0000
Intercept,_,_,0,0.02110,49E3,0.00,1.0000
Intercept,_,_,0,0.02110,49E3,0.00,1.0000
Intercept,_,_,0,0.02110,49E3,0.00,1.0000
Intercept,_,_,0,0.02110,49E3,0.00,1.0000
Intercept,_,_,0,0.02110,49E3,0.00,1.0000
Intercept,_,_,0,0.02110,49E3,0.00,1.0000
Intercept,_,_,0,0.02110,49E3,0.00,1.0000
Intercept,_,_,0,0.02110,49E3,0.00,1.0000
Intercept,_,_,0,0.02110,49E3,0.00,1.0000
Intercept,_,_,0,0.02110,49E3,0.00,1.0000
Intercept,_,_,0,0.02110,49E3,0.00,1.0000
Intercept,_,_,0,0.02110,49E3,0.00,1.0000
Intercept,_,_,0,0.02110,49E3,0.00,1.0000
Intercept,_,_,0,0.02110,49E3,0.00,1.0000
Intercept,_,_,0,0.02110,49E3,0.00,1.0000
Intercept,_,_,0,0.02110,49E3,0.00,1.0000
Intercept,_,_,0,0.02110,49E3,0.00,1.0000
Intercept,_,13,-0.01436,0.008349,49E3,-1.72,0.0854
Intercept,6,13,0.002243,0.01724,49E3,0.13,0.8964
Intercept,24,13,0.007840,0.01929,49E3,0.41,0.6844
Intercept,26,13,-0.01177,0.01706,49E3,-0.69,0.4903
Intercept,90,13,-0.01803,0.01840,49E3,-0.98,0.3272
Intercept,126,13,0.001884,0.01836,49E3,0.10,0.9183
Intercept,145,13,0.001786,0.01822,49E3,0.10,0.9219
Intercept,147,13,0.005154,0.01676,49E3,0.31,0.7584
Intercept,150,13,-0.02957,0.01442,49E3,-2.05,0.0403
Intercept,154,13,0.004039,0.01488,49E3,0.27,0.7860
Intercept,275,13,-0.00904,0.01822,49E3,-0.50,0.6199
Intercept,_,_,0,0.02110,49E3,0.00,1.0000
Intercept,_,_,0,0.02110,49E3,0.00,1.0000
Intercept,_,_,0,0.02110,49E3,0.00,1.0000
Intercept,_,_,0,0.02110,49E3,0.00,1.0000
Intercept,_,_,0,0.02110,49E3,0.00,1.0000
Intercept,_,_,0,0.02110,49E3,0.00,1.0000
Intercept,_,_,0,0.02110,49E3,0.00,1.0000
Intercept,_,_,0,0.02110,49E3,0.00,1.0000
Intercept,_,_,0,0.02110,49E3,0.00,1.0000
Intercept,_,_,0,0.02110,49E3,0.00,1.0000
Intercept,_,_,0,0.02110,49E3,0.00,1.0000
Intercept,_,_,0,0.02110,49E3,0.00,1.0000
Intercept,_,_,0,0.02110,49E3,0.00,1.0000
Intercept,_,_,0,0.02110,49E3,0.00,1.0000
Intercept,_,_,0,0.02110,49E3,0.00,1.0000
Intercept,_,_,0,0.02110,49E3,0.00,1.0000
Intercept,_,_,0,0.02110,49E3,0.00,1.0000
Intercept,_,_,0,0.02110,49E3,0.00,1.0000
Intercept,_,_,0,0.02110,49E3,0.00,1.0000
Intercept,_,_,0,0.02110,49E3,0.00,1.0000
Intercept,_,_,0,0.02110,49E3,0.00,1.0000
Intercept,_,_,0,0.02110,49E3,0.00,1.0000
Intercept,_,_,0,0.02110,49E3,0.00,1.0000
Intercept,_,_,0,0.02110,49E3,0.00,1.0000
Intercept,_,_,0,0.02110,49E3,0.00,1.0000
Intercept,_,14,0.01048,0.005796,49E3,1.81,0.0707
Intercept,7,14,-0.00419,0.01262,49E3,-0.33,0.7398
Intercept,13,14,-0.00856,0.01288,49E3,-0.66,0.5065
Intercept,20,14,-0.00683,0.01441,49E3,-0.47,0.6354
Intercept,35,14,-0.01205,0.01329,49E3,-0.91,0.3647
Intercept,40,14,0.01064,0.01293,49E3,0.82,0.4104
Intercept,71,14,-0.00766,0.01114,49E3,-0.69,0.4915
Intercept,119,14,0.01848,0.01368,49E3,1.35,0.1767
Intercept,202,14,0.005078,0.01297,49E3,0.39,0.6954
Intercept,236,14,-0.01491,0.01288,49E3,-1.16,0.2472
Intercept,238,14,0.001007,0.01284,49E3,0.08,0.9375
Intercept,248,14,0.02326,0.01398,49E3,1.66,0.0962
Intercept,250,14,0.03102,0.01606,49E3,1.93,0.0535
Intercept,278,14,0.008826,0.01473,49E3,0.60,0.5489
Intercept,284,14,-0.00194,0.01843,49E3,-0.11,0.9160
Intercept,295,14,0.007269,0.01146,49E3,0.63,0.5258
Intercept,299,14,-0.01961,0.01374,49E3,-1.43,0.1533
Intercept,312,14,-0.01096,0.01162,49E3,-0.94,0.3459
Intercept,325,14,0.006581,0.01178,49E3,0.56,0.5764
Intercept,342,14,0.001667,0.01392,49E3,0.12,0.9047
Intercept,343,14,0.01597,0.01400,49E3,1.14,0.2539
Intercept,345,14,-0.00993,0.01404,49E3,-0.71,0.4795
Intercept,_,_,0,0.02110,49E3,0.00,1.0000
Intercept,_,_,0,0.02110,49E3,0.00,1.0000
Intercept,_,_,0,0.02110,49E3,0.00,1.0000
Intercept,_,_,0,0.02110,49E3,0.00,1.0000
Intercept,_,_,0,0.02110,49E3,0.00,1.0000
Intercept,_,_,0,0.02110,49E3,0.00,1.0000
Intercept,_,_,0,0.02110,49E3,0.00,1.0000
Intercept,_,_,0,0.02110,49E3,0.00,1.0000
Intercept,_,_,0,0.02110,49E3,0.00,1.0000
Intercept,_,_,0,0.02110,49E3,0.00,1.0000
Intercept,_,_,0,0.02110,49E3,0.00,1.0000
Intercept,_,_,0,0.02110,49E3,0.00,1.0000
Intercept,_,_,0,0.02110,49E3,0.00,1.0000
Intercept,_,_,0,0.02110,49E3,0.00,1.0000
Intercept,_,15,0.009000,0.007611,49E3,1.18,0.2370
Intercept,37,15,-0.01719,0.01577,49E3,-1.09,0.2759
Intercept,91,15,-0.00149,0.01418,49E3,-0.10,0.9165
Intercept,123,15,0.02772,0.01380,49E3,2.01,0.0445
Intercept,152,15,0.004933,0.01375,49E3,0.36,0.7199
Intercept,162,15,0.01465,0.01284,49E3,1.14,0.2540
Intercept,235,15,-0.00406,0.01293,49E3,-0.31,0.7534
Intercept,268,15,0.002525,0.01371,49E3,0.18,0.8539
Intercept,306,15,0.001391,0.01291,49E3,0.11,0.9142
Intercept,_,_,0,0.02110,49E3,0.00,1.0000
Intercept,_,_,0,0.02110,49E3,0.00,1.0000
Intercept,_,_,0,0.02110,49E3,0.00,1.0000
Intercept,_,_,0,0.02110,49E3,0.00,1.0000
Intercept,_,_,0,0.02110,49E3,0.00,1.0000
Intercept,_,_,0,0.02110,49E3,0.00,1.0000
Intercept,_,_,0,0.02110,49E3,0.00,1.0000
Intercept,_,_,0,0.02110,49E3,0.00,1.0000
Intercept,_,_,0,0.02110,49E3,0.00,1.0000
Intercept,_,_,0,0.02110,49E3,0.00,1.0000
Intercept,_,_,0,0.02110,49E3,0.00,1.0000
Intercept,_,_,0,0.02110,49E3,0.00,1.0000
Intercept,_,_,0,0.02110,49E3,0.00,1.0000
Intercept,_,_,0,0.02110,49E3,0.00,1.0000
Intercept,_,_,0,0.02110,49E3,0.00,1.0000
Intercept,_,_,0,0.02110,49E3,0.00,1.0000
Intercept,_,_,0,0.02110,49E3,0.00,1.0000
Intercept,_,_,0,0.02110,49E3,0.00,1.0000
Intercept,_,_,0,0.02110,49E3,0.00,1.0000
Intercept,_,_,0,0.02110,49E3,0.00,1.0000
Intercept,_,_,0,0.02110,49E3,0.00,1.0000
Intercept,_,_,0,0.02110,49E3,0.00,1.0000
Intercept,_,_,0,0.02110,49E3,0.00,1.0000
Intercept,_,_,0,0.02110,49E3,0.00,1.0000
Intercept,_,_,0,0.02110,49E3,0.00,1.0000
Intercept,_,_,0,0.02110,49E3,0.00,1.0000
Intercept,_,_,0,0.02110,49E3,0.00,1.0000
Intercept,_,16,0.002719,0.008225,49E3,0.33,0.7409
Intercept,67,16,0.01232,0.01297,49E3,0.95,0.3420
Intercept,86,16,0.01077,0.01387,49E3,0.78,0.4376
Intercept,87,16,-0.00724,0.01381,49E3,-0.52,0.6004
Intercept,139,16,-0.00324,0.01507,49E3,-0.22,0.8298
Intercept,228,16,0.001516,0.01451,49E3,0.10,0.9168
Intercept,252,16,-0.00552,0.01405,49E3,-0.39,0.6945
Intercept,_,_,0,0.02110,49E3,0.00,1.0000
Intercept,_,_,0,0.02110,49E3,0.00,1.0000
Intercept,_,_,0,0.02110,49E3,0.00,1.0000
Intercept,_,_,0,0.02110,49E3,0.00,1.0000
Intercept,_,_,0,0.02110,49E3,0.00,1.0000
Intercept,_,_,0,0.02110,49E3,0.00,1.0000
Intercept,_,_,0,0.02110,49E3,0.00,1.0000
Intercept,_,_,0,0.02110,49E3,0.00,1.0000
Intercept,_,_,0,0.02110,49E3,0.00,1.0000
Intercept,_,_,0,0.02110,49E3,0.00,1.0000
Intercept,_,_,0,0.02110,49E3,0.00,1.0000
Intercept,_,_,0,0.02110,49E3,0.00,1.0000
Intercept,_,_,0,0.02110,49E3,0.00,1.0000
Intercept,_,_,0,0.02110,49E3,0.00,1.0000
Intercept,_,_,0,0.02110,49E3,0.00,1.0000
Intercept,_,_,0,0.02110,49E3,0.00,1.0000
Intercept,_,_,0,0.02110,49E3,0.00,1.0000
Intercept,_,_,0,0.02110,49E3,0.00,1.0000
Intercept,_,_,0,0.02110,49E3,0.00,1.0000
Intercept,_,_,0,0.02110,49E3,0.00,1.0000
Intercept,_,_,0,0.02110,49E3,0.00,1.0000
Intercept,_,_,0,0.02110,49E3,0.00,1.0000
Intercept,_,_,0,0.02110,49E3,0.00,1.0000
Intercept,_,_,0,0.02110,49E3,0.00,1.0000
Intercept,_,_,0,0.02110,49E3,0.00,1.0000
Intercept,_,_,0,0.02110,49E3,0.00,1.0000
Intercept,_,_,0,0.02110,49E3,0.00,1.0000
Intercept,_,_,0,0.02110,49E3,0.00,1.0000
Intercept,_,_,0,0.02110,49E3,0.00,1.0000
Intercept,_,17,-0.00246,0.007978,49E3,-0.31,0.7578
Intercept,76,17,0.006779,0.01595,49E3,0.42,0.6709
Intercept,108,17,0.008191,0.01526,49E3,0.54,0.5915
Intercept,111,17,-0.00135,0.01485,49E3,-0.09,0.9277
Intercept,157,17,-0.01691,0.01557,49E3,-1.09,0.2773
Intercept,203,17,-0.00987,0.01714,49E3,-0.58,0.5647
Intercept,207,17,-0.01643,0.01411,49E3,-1.16,0.2442
Intercept,211,17,-0.00336,0.01402,49E3,-0.24,0.8107
Intercept,234,17,0.02517,0.01442,49E3,1.74,0.0810
Intercept,_,_,0,0.02110,49E3,0.00,1.0000
Intercept,_,_,0,0.02110,49E3,0.00,1.0000
Intercept,_,_,0,0.02110,49E3,0.00,1.0000
Intercept,_,_,0,0.02110,49E3,0.00,1.0000
Intercept,_,_,0,0.02110,49E3,0.00,1.0000
Intercept,_,_,0,0.02110,49E3,0.00,1.0000
Intercept,_,_,0,0.02110,49E3,0.00,1.0000
Intercept,_,_,0,0.02110,49E3,0.00,1.0000
Intercept,_,_,0,0.02110,49E3,0.00,1.0000
Intercept,_,_,0,0.02110,49E3,0.00,1.0000
Intercept,_,_,0,0.02110,49E3,0.00,1.0000
Intercept,_,_,0,0.02110,49E3,0.00,1.0000
Intercept,_,_,0,0.02110,49E3,0.00,1.0000
Intercept,_,_,0,0.02110,49E3,0.00,1.0000
Intercept,_,_,0,0.02110,49E3,0.00,1.0000
Intercept,_,_,0,0.02110,49E3,0.00,1.0000
Intercept,_,_,0,0.02110,49E3,0.00,1.0000
Intercept,_,_,0,0.02110,49E3,0.00,1.0000
Intercept,_,_,0,0.02110,49E3,0.00,1.0000
Intercept,_,_,0,0.02110,49E3,0.00,1.0000
Intercept,_,_,0,0.02110,49E3,0.00,1.0000
Intercept,_,_,0,0.02110,49E3,0.00,1.0000
Intercept,_,_,0,0.02110,49E3,0.00,1.0000
Intercept,_,_,0,0.02110,49E3,0.00,1.0000
Intercept,_,_,0,0.02110,49E3,0.00,1.0000
Intercept,_,_,0,0.02110,49E3,0.00,1.0000
Intercept,_,_,0,0.02110,49E3,0.00,1.0000
Intercept,_,18,-0.00528,0.007242,49E3,-0.73,0.4657
Intercept,17,18,-0.01386,0.01578,49E3,-0.88,0.3799
Intercept,38,18,-0.00402,0.01427,49E3,-0.28,0.7784
Intercept,69,18,-0.01479,0.01809,49E3,-0.82,0.4136
Intercept,79,18,0.001500,0.01910,49E3,0.08,0.9374
Intercept,103,18,-0.01601,0.01286,49E3,-1.24,0.2132
Intercept,175,18,0.000187,0.01872,49E3,0.01,0.9920
Intercept,239,18,-0.00785,0.01307,49E3,-0.60,0.5482
Intercept,253,18,0.01438,0.01570,49E3,0.92,0.3598
Intercept,259,18,0.008476,0.01894,49E3,0.45,0.6544
Intercept,262,18,-0.00363,0.01286,49E3,-0.28,0.7774
Intercept,263,18,-0.00306,0.01663,49E3,-0.18,0.8540
Intercept,308,18,0.02168,0.01740,49E3,1.25,0.2128
Intercept,334,18,0.01737,0.01795,49E3,0.97,0.3331
Intercept,337,18,-0.01710,0.01460,49E3,-1.17,0.2413
Intercept,_,_,0,0.02110,49E3,0.00,1.0000
Intercept,_,_,0,0.02110,49E3,0.00,1.0000
Intercept,_,_,0,0.02110,49E3,0.00,1.0000
Intercept,_,_,0,0.02110,49E3,0.00,1.0000
Intercept,_,_,0,0.02110,49E3,0.00,1.0000
Intercept,_,_,0,0.02110,49E3,0.00,1.0000
Intercept,_,_,0,0.02110,49E3,0.00,1.0000
Intercept,_,_,0,0.02110,49E3,0.00,1.0000
Intercept,_,_,0,0.02110,49E3,0.00,1.0000
Intercept,_,_,0,0.02110,49E3,0.00,1.0000
Intercept,_,_,0,0.02110,49E3,0.00,1.0000
Intercept,_,_,0,0.02110,49E3,0.00,1.0000
Intercept,_,_,0,0.02110,49E3,0.00,1.0000
Intercept,_,_,0,0.02110,49E3,0.00,1.0000
Intercept,_,_,0,0.02110,49E3,0.00,1.0000
Intercept,_,_,0,0.02110,49E3,0.00,1.0000
Intercept,_,_,0,0.02110,49E3,0.00,1.0000
Intercept,_,_,0,0.02110,49E3,0.00,1.0000
Intercept,_,_,0,0.02110,49E3,0.00,1.0000
Intercept,_,_,0,0.02110,49E3,0.00,1.0000
Intercept,_,_,0,0.02110,49E3,0.00,1.0000
Intercept,_,19,0.01113,0.007503,49E3,1.48,0.1380
Intercept,19,19,0.01043,0.01700,49E3,0.61,0.5394
Intercept,45,19,0.006232,0.01371,49E3,0.45,0.6495
Intercept,60,19,0.03164,0.01711,49E3,1.85,0.0644
Intercept,65,19,0.008611,0.01604,49E3,0.54,0.5913
Intercept,75,19,0.03093,0.01229,49E3,2.52,0.0118
Intercept,100,19,-0.00670,0.01700,49E3,-0.39,0.6934
Intercept,158,19,-0.00673,0.01783,49E3,-0.38,0.7057
Intercept,186,19,-0.00899,0.01592,49E3,-0.56,0.5723
Intercept,208,19,-0.00186,0.01297,49E3,-0.14,0.8862
Intercept,218,19,-0.00729,0.01474,49E3,-0.49,0.6209
Intercept,247,19,-0.02105,0.01669,49E3,-1.26,0.2072
Intercept,_,_,0,0.02110,49E3,0.00,1.0000
Intercept,_,_,0,0.02110,49E3,0.00,1.0000
Intercept,_,_,0,0.02110,49E3,0.00,1.0000
Intercept,_,_,0,0.02110,49E3,0.00,1.0000
Intercept,_,_,0,0.02110,49E3,0.00,1.0000
Intercept,_,_,0,0.02110,49E3,0.00,1.0000
Intercept,_,_,0,0.02110,49E3,0.00,1.0000
Intercept,_,_,0,0.02110,49E3,0.00,1.0000
Intercept,_,_,0,0.02110,49E3,0.00,1.0000
Intercept,_,_,0,0.02110,49E3,0.00,1.0000
Intercept,_,_,0,0.02110,49E3,0.00,1.0000
Intercept,_,_,0,0.02110,49E3,0.00,1.0000
Intercept,_,_,0,0.02110,49E3,0.00,1.0000
Intercept,_,_,0,0.02110,49E3,0.00,1.0000
Intercept,_,_,0,0.02110,49E3,0.00,1.0000
Intercept,_,_,0,0.02110,49E3,0.00,1.0000
Intercept,_,_,0,0.02110,49E3,0.00,1.0000
Intercept,_,_,0,0.02110,49E3,0.00,1.0000
Intercept,_,_,0,0.02110,49E3,0.00,1.0000
Intercept,_,_,0,0.02110,49E3,0.00,1.0000
Intercept,_,_,0,0.02110,49E3,0.00,1.0000
Intercept,_,_,0,0.02110,49E3,0.00,1.0000
Intercept,_,_,0,0.02110,49E3,0.00,1.0000
Intercept,_,_,0,0.02110,49E3,0.00,1.0000
Intercept,_,20,0.005462,0.005619,49E3,0.97,0.3310
Intercept,14,20,-0.00653,0.01523,49E3,-0.43,0.6683
Intercept,39,20,0.01273,0.01500,49E3,0.85,0.3959
Intercept,56,20,0.007061,0.01962,49E3,0.36,0.7189
Intercept,57,20,0.03231,0.01562,49E3,2.07,0.0386
Intercept,58,20,0.01629,0.01767,49E3,0.92,0.3564
Intercept,62,20,-0.00637,0.01515,49E3,-0.42,0.6740
Intercept,66,20,-0.00077,0.01828,49E3,-0.04,0.9664
Intercept,73,20,-0.03003,0.01568,49E3,-1.92,0.0554
Intercept,80,20,0.002690,0.01813,49E3,0.15,0.8821
Intercept,99,20,-0.00998,0.01403,49E3,-0.71,0.4770
Intercept,102,20,0.01384,0.01652,49E3,0.84,0.4022
Intercept,107,20,-0.01108,0.01583,49E3,-0.70,0.4838
Intercept,110,20,0.03174,0.01500,49E3,2.12,0.0343
Intercept,113,20,-0.00719,0.01445,49E3,-0.50,0.6189
Intercept,148,20,-0.00772,0.01413,49E3,-0.55,0.5850
Intercept,156,20,0.003020,0.01589,49E3,0.19,0.8493
Intercept,161,20,0.008300,0.01556,49E3,0.53,0.5938
Intercept,165,20,0.002276,0.01447,49E3,0.16,0.8751
Intercept,174,20,0.003070,0.01808,49E3,0.17,0.8652
Intercept,185,20,-0.01150,0.01785,49E3,-0.64,0.5194
Intercept,204,20,7.958E-6,0.01624,49E3,0.00,0.9996
Intercept,213,20,-0.00459,0.01618,49E3,-0.28,0.7767
Intercept,244,20,-0.01317,0.01577,49E3,-0.83,0.4038
Intercept,249,20,0.01149,0.01767,49E3,0.65,0.5154
Intercept,264,20,0.03230,0.01843,49E3,1.75,0.0797
Intercept,265,20,-0.02024,0.01728,49E3,-1.17,0.2416
Intercept,273,20,-0.00524,0.01421,49E3,-0.37,0.7126
Intercept,274,20,0.01097,0.01485,49E3,0.74,0.4600
Intercept,286,20,-0.00709,0.01848,49E3,-0.38,0.7014
Intercept,290,20,-0.01328,0.01628,49E3,-0.82,0.4145
Intercept,305,20,-0.02092,0.01568,49E3,-1.33,0.1822
Intercept,314,20,0.006090,0.01628,49E3,0.37,0.7083
Intercept,320,20,-0.00182,0.01950,49E3,-0.09,0.9254
Intercept,323,20,-0.00689,0.01542,49E3,-0.45,0.6550
Intercept,336,20,0.007498,0.01737,49E3,0.43,0.6659
Intercept,_,21,0.000526,0.007740,49E3,0.07,0.9458
Intercept,29,21,-0.01248,0.01270,49E3,-0.98,0.3256
Intercept,104,21,-0.02185,0.01386,49E3,-1.58,0.1149
Intercept,124,21,0.01520,0.01400,49E3,1.09,0.2775
Intercept,131,21,-0.00486,0.01272,49E3,-0.38,0.7025
Intercept,180,21,0.008453,0.01404,49E3,0.60,0.5472
Intercept,304,21,-0.02673,0.01382,49E3,-1.93,0.0530
Intercept,311,21,0.004821,0.01716,49E3,0.28,0.7788
Intercept,315,21,0.03911,0.01579,49E3,2.48,0.0133
Intercept,_,_,0,0.02110,49E3,0.00,1.0000
Intercept,_,_,0,0.02110,49E3,0.00,1.0000
Intercept,_,_,0,0.02110,49E3,0.00,1.0000
Intercept,_,_,0,0.02110,49E3,0.00,1.0000
Intercept,_,_,0,0.02110,49E3,0.00,1.0000
Intercept,_,_,0,0.02110,49E3,0.00,1.0000
Intercept,_,_,0,0.02110,49E3,0.00,1.0000
Intercept,_,_,0,0.02110,49E3,0.00,1.0000
Intercept,_,_,0,0.02110,49E3,0.00,1.0000
Intercept,_,_,0,0.02110,49E3,0.00,1.0000
Intercept,_,_,0,0.02110,49E3,0.00,1.0000
Intercept,_,_,0,0.02110,49E3,0.00,1.0000
Intercept,_,_,0,0.02110,49E3,0.00,1.0000
Intercept,_,_,0,0.02110,49E3,0.00,1.0000
Intercept,_,_,0,0.02110,49E3,0.00,1.0000
Intercept,_,_,0,0.02110,49E3,0.00,1.0000
Intercept,_,_,0,0.02110,49E3,0.00,1.0000
Intercept,_,_,0,0.02110,49E3,0.00,1.0000
Intercept,_,_,0,0.02110,49E3,0.00,1.0000
Intercept,_,_,0,0.02110,49E3,0.00,1.0000
Intercept,_,_,0,0.02110,49E3,0.00,1.0000
Intercept,_,_,0,0.02110,49E3,0.00,1.0000
Intercept,_,_,0,0.02110,49E3,0.00,1.0000
Intercept,_,_,0,0.02110,49E3,0.00,1.0000
Intercept,_,_,0,0.02110,49E3,0.00,1.0000
Intercept,_,_,0,0.02110,49E3,0.00,1.0000
Intercept,_,_,0,0.02110,49E3,0.00,1.0000
Intercept,_,22,0.01474,0.005766,49E3,2.56,0.0106
Intercept,0,22,-0.01857,0.01443,49E3,-1.29,0.1981
Intercept,15,22,-0.00872,0.01584,49E3,-0.55,0.5818
Intercept,18,22,0.01885,0.01525,49E3,1.24,0.2163
Intercept,28,22,0.000116,0.01325,49E3,0.01,0.9930
Intercept,30,22,-0.00905,0.01587,49E3,-0.57,0.5685
Intercept,46,22,0.01204,0.01584,49E3,0.76,0.4473
Intercept,77,22,0.005866,0.01944,49E3,0.30,0.7628
Intercept,96,22,0.01234,0.01482,49E3,0.83,0.4050
Intercept,98,22,-0.02130,0.01814,49E3,-1.17,0.2402
Intercept,106,22,0.000575,0.01622,49E3,0.04,0.9717
Intercept,135,22,-0.00909,0.01479,49E3,-0.61,0.5390
Intercept,138,22,0.01329,0.01678,49E3,0.79,0.4282
Intercept,141,22,0.02638,0.01937,49E3,1.36,0.1733
Intercept,169,22,-0.01177,0.01790,49E3,-0.66,0.5109
Intercept,184,22,-0.01579,0.01443,49E3,-1.09,0.2739
Intercept,190,22,0.01677,0.01678,49E3,1.00,0.3176
Intercept,199,22,-0.00864,0.01575,49E3,-0.55,0.5835
Intercept,201,22,0.02177,0.01587,49E3,1.37,0.1703
Intercept,216,22,-0.00640,0.01682,49E3,-0.38,0.7034
Intercept,232,22,0.01808,0.01902,49E3,0.95,0.3419
Intercept,254,22,0.01570,0.01310,49E3,1.20,0.2306
Intercept,267,22,-0.01952,0.01597,49E3,-1.22,0.2215
Intercept,285,22,-0.00613,0.01931,49E3,-0.32,0.7508
Intercept,289,22,-0.00297,0.01616,49E3,-0.18,0.8541
Intercept,292,22,0.01616,0.01552,49E3,1.04,0.2977
Intercept,301,22,0.01613,0.01597,49E3,1.01,0.3124
Intercept,309,22,0.005550,0.01790,49E3,0.31,0.7565
Intercept,310,22,0.01023,0.01859,49E3,0.55,0.5822
Intercept,321,22,-0.01039,0.01380,49E3,-0.75,0.4516
Intercept,326,22,-0.02008,0.01109,49E3,-1.81,0.0700
Intercept,340,22,0.005223,0.01581,49E3,0.33,0.7412
Intercept,_,_,0,0.02110,49E3,0.00,1.0000
Intercept,_,_,0,0.02110,49E3,0.00,1.0000
Intercept,_,_,0,0.02110,49E3,0.00,1.0000
Intercept,_,_,0,0.02110,49E3,0.00,1.0000
Intercept,_,23,0.007184,0.007889,49E3,0.91,0.3625
Intercept,1,23,0.004681,0.01363,49E3,0.34,0.7313
Intercept,59,23,0.000221,0.01390,49E3,0.02,0.9873
Intercept,74,23,0.01934,0.01385,49E3,1.40,0.1627
Intercept,101,23,0.03009,0.01678,49E3,1.79,0.0730
Intercept,116,23,0.01704,0.01656,49E3,1.03,0.3034
Intercept,122,23,0.007915,0.01884,49E3,0.42,0.6744
Intercept,142,23,-0.03046,0.01583,49E3,-1.92,0.0544
Intercept,170,23,-0.00644,0.01527,49E3,-0.42,0.6734
Intercept,261,23,-0.01966,0.01558,49E3,-1.26,0.2071
Intercept,_,_,0,0.02110,49E3,0.00,1.0000
Intercept,_,_,0,0.02110,49E3,0.00,1.0000
Intercept,_,_,0,0.02110,49E3,0.00,1.0000
Intercept,_,_,0,0.02110,49E3,0.00,1.0000
Intercept,_,_,0,0.02110,49E3,0.00,1.0000
Intercept,_,_,0,0.02110,49E3,0.00,1.0000
Intercept,_,_,0,0.02110,49E3,0.00,1.0000
Intercept,_,_,0,0.02110,49E3,0.00,1.0000
Intercept,_,_,0,0.02110,49E3,0.00,1.0000
Intercept,_,_,0,0.02110,49E3,0.00,1.0000
Intercept,_,_,0,0.02110,49E3,0.00,1.0000
Intercept,_,_,0,0.02110,49E3,0.00,1.0000
Intercept,_,_,0,0.02110,49E3,0.00,1.0000
Intercept,_,_,0,0.02110,49E3,0.00,1.0000
Intercept,_,_,0,0.02110,49E3,0.00,1.0000
Intercept,_,_,0,0.02110,49E3,0.00,1.0000
Intercept,_,_,0,0.02110,49E3,0.00,1.0000
Intercept,_,_,0,0.02110,49E3,0.00,1.0000
Intercept,_,_,0,0.02110,49E3,0.00,1.0000
Intercept,_,_,0,0.02110,49E3,0.00,1.0000
Intercept,_,_,0,0.02110,49E3,0.00,1.0000
Intercept,_,_,0,0.02110,49E3,0.00,1.0000
Intercept,_,_,0,0.02110,49E3,0.00,1.0000
Intercept,_,_,0,0.02110,49E3,0.00,1.0000
Intercept,_,_,0,0.02110,49E3,0.00,1.0000
Intercept,_,_,0,0.02110,49E3,0.00,1.0000
Intercept,_,24,0.01131,0.008161,49E3,1.39,0.1658
Intercept,53,24,0.01094,0.01655,49E3,0.66,0.5087
Intercept,109,24,-0.01656,0.01471,49E3,-1.13,0.2603
Intercept,114,24,-0.01866,0.01589,49E3,-1.17,0.2405
Intercept,233,24,-0.01129,0.01532,49E3,-0.74,0.4608
Intercept,242,24,0.006076,0.01701,49E3,0.36,0.7210
Intercept,251,24,0.01852,0.01698,49E3,1.09,0.2754
Intercept,272,24,0.02269,0.01440,49E3,1.58,0.1150
Intercept,319,24,0.02409,0.01521,49E3,1.58,0.1131
Intercept,_,_,0,0.02110,49E3,0.00,1.0000
Intercept,_,_,0,0.02110,49E3,0.00,1.0000
Intercept,_,_,0,0.02110,49E3,0.00,1.0000
Intercept,_,_,0,0.02110,49E3,0.00,1.0000
Intercept,_,_,0,0.02110,49E3,0.00,1.0000
Intercept,_,_,0,0.02110,49E3,0.00,1.0000
Intercept,_,_,0,0.02110,49E3,0.00,1.0000
Intercept,_,_,0,0.02110,49E3,0.00,1.0000
Intercept,_,_,0,0.02110,49E3,0.00,1.0000
Intercept,_,_,0,0.02110,49E3,0.00,1.0000
Intercept,_,_,0,0.02110,49E3,0.00,1.0000
Intercept,_,_,0,0.02110,49E3,0.00,1.0000
Intercept,_,_,0,0.02110,49E3,0.00,1.0000
Intercept,_,_,0,0.02110,49E3,0.00,1.0000
Intercept,_,_,0,0.02110,49E3,0.00,1.0000
Intercept,_,_,0,0.02110,49E3,0.00,1.0000
Intercept,_,_,0,0.02110,49E3,0.00,1.0000
Intercept,_,_,0,0.02110,49E3,0.00,1.0000
Intercept,_,_,0,0.02110,49E3,0.00,1.0000
Intercept,_,_,0,0.02110,49E3,0.00,1.0000
Intercept,_,_,0,0.02110,49E3,0.00,1.0000
Intercept,_,_,0,0.02110,49E3,0.00,1.0000
Intercept,_,_,0,0.02110,49E3,0.00,1.0000
Intercept,_,_,0,0.02110,49E3,0.00,1.0000
Intercept,_,_,0,0.02110,49E3,0.00,1.0000
Intercept,_,_,0,0.02110,49E3,0.00,1.0000
Intercept,_,_,0,0.02110,49E3,0.00,1.0000
